#Digilent WaveForms Oscilloscope Acquisition
#Device Name: Discovery2
#Serial Number: SN:210321B053D5
#Date Time: 2025-05-21 10:01:12.136
#Sample rate: 1e+08Hz
#Samples: 8192
#Trigger: Source: Channel 1 Type: Pulse Condition: Positive Level: 1 V LCondition: Less Length: 4 us Hyst.: 0 V HoldOff: 0 s
#Channel 1: Range: 2 V/div Offset: 0 V Sample Mode: Average
#Wavegen Channel 1: Running
#Mode: Simple
#Type: Sine
#Frequency: 1 kHz
#Period: 1 ms
#Amplitude: 1.75 V
#Offset: 0 V
#Symmetry: 50 %
#Phase: 0 °

Time (s),Channel 1 (V)
0.0004930435588235293,0.01405788581358462
0.0004930535588235294,0.01040822275500829
0.0004930635588235293,-0.0005407664205763184
0.0004930735588235293,0.0177075488721095
0.0004930835588235294,0.003108896637951883
0.0004930935588235293,0.01040822275500829
0.0004931035588235294,0.01770754887210452
0.0004931135588235293,0.01405788581357632
0.0004931235588235294,0.003108896637958522
0.0004931335588235293,0.01770754887207133
0.0004931435588235294,0.01770754887211282
0.0004931535588235293,0.01405788581358462
0.0004931635588235294,0.01040822275501327
0.0004931735588235293,-0.000540766420571338
0.0004931835588235293,0.01040822275501327
0.0004931935588235294,0.0177075488721344
0.0004932035588235293,0.02135721193066093
0.0004932135588235294,0.01405788581354478
0.0004932235588235293,0.006758559696488383
0.0004932335588235294,0.01405788581356802
0.0004932435588235293,0.01405788581356802
0.0004932535588235294,0.01040822275501327
0.0004932635588235293,0.006758559696485063
0.0004932735588235294,-0.007840092537730639
0.0004932835588235293,-0.007840092537730639
0.0004932935588235293,0.003108896637908733
0.0004933035588235294,0.01405788581352321
0.0004933135588235293,0.003108896637938606
0.0004933235588235294,0.01040822275502986
0.0004933335588235293,0.01405788581355806
0.0004933435588235294,0.01770754887209124
0.0004933535588235293,0.003108896637978439
0.0004933635588235294,0.01770754887211448
0.0004933735588235293,0.01405788581358628
0.0004933835588235294,0.0177075488721178
0.0004933935588235294,-0.0005407664206310866
0.0004934035588235293,-0.0005407664206310866
0.0004934135588235294,0.003108896637985077
0.0004934235588235293,0.02135721193062608
0.0004934335588235294,-0.004190429479190821
0.0004934435588235293,-0.007840092537719022
0.0004934535588235294,0.003108896637931968
0.0004934635588235293,0.01040822275498837
0.0004934735588235294,0.006758559696465148
0.0004934835588235294,0.003108896637878858
0.0004934935588235293,-0.004190429479177544
0.0004935035588235294,0.01770754887200162
0.0004935135588235293,-0.007840092537695784
0.0004935235588235294,0.01040822275493858
0.0004935335588235293,-0.01148975559623063
0.0004935435588235294,-0.01148975559623893
0.0004935535588235293,0.006758559696402077
0.0004935635588235294,0.01040822275501327
0.0004935735588235293,0.006758559696485063
0.0004935835588235294,-0.004190429479177544
0.0004935935588235294,0.00310889663801827
0.0004936035588235293,0.02135721193065927
0.0004936135588235294,0.02500687498917254
0.0004936235588235293,0.01405788581358794
0.0004936335588235294,0.003108896637941925
0.0004936435588235293,0.01040822275499833
0.0004936535588235294,0.01040822275497675
0.0004936635588235293,-0.00784009253766425
0.0004936735588235294,0.0104082227550282
0.0004936835588235293,0.01770754887208461
0.0004936935588235294,-0.01878908171337997
0.0004937035588235294,0.003108896637973459
0.0004937135588235293,0.01405788581355806
0.0004937235588235294,-0.004190429479121115
0.0004937335588235293,0.01040822275499169
0.0004937435588235294,0.00310889663791869
0.0004937535588235293,0.00310889663791869
0.0004937635588235294,0.01405788581356802
0.0004937735588235293,0.01405788581356802
0.0004937835588235294,0.01040822275502156
0.0004937935588235293,0.01405788581354976
0.0004938035588235293,-0.0005407664206310866
0.0004938135588235294,-0.01148975559618084
0.0004938235588235293,0.01040822275498837
0.0004938335588235294,0.01405788581355474
0.0004938435588235293,0.01040822275502654
0.0004938535588235294,-0.0005407664206410447
0.0004938635588235293,-0.004190429479169245
0.0004938735588235294,0.01040822275502488
0.0004938835588235293,0.01405788581355308
0.0004938935588235294,0.01405788581356138
0.0004939035588235293,-0.0005407664205514234
0.0004939135588235293,-0.004190429479179204
0.0004939235588235294,0.01770754887203482
0.0004939335588235293,-0.0005407664206061903
0.0004939435588235294,-0.004190429479114476
0.0004939535588235293,0.01405788581352653
0.0004939635588235294,-0.0005407664206227883
0.0004939735588235293,0.003108896637905412
0.0004939835588235294,0.006758559696468467
0.0004939935588235293,0.006758559696468467
0.0004940035588235294,0.0177075488721095
0.0004940135588235293,-0.000540766420531507
0.0004940235588235293,0.01040822275500829
0.0004940335588235294,0.006758559696423656
0.0004940435588235293,-0.004190429479160948
0.0004940535588235294,0.003108896637837366
0.0004940635588235293,-0.02243874477186004
0.0004940735588235294,0.006758559696476765
0.0004940835588235293,0.01040822275500497
0.0004940935588235294,0.01405788581355474
0.0004941035588235293,-0.0005407664205580621
0.0004941135588235294,0.02500687498921735
0.0004941235588235294,-0.007840092537767152
0.0004941335588235293,-0.01513941865482355
0.0004941435588235294,-0.0041904294791958
0.0004941535588235293,-0.007840092537724001
0.0004941635588235294,0.01040822275497841
0.0004941735588235293,-0.004190429479134393
0.0004941835588235294,0.003108896637905412
0.0004941935588235293,-0.004190429479150989
0.0004942035588235294,0.01405788581355806
0.0004942135588235294,0.00310889663791869
0.0004942235588235293,0.00310889663791869
0.0004942335588235294,-0.004190429479180863
0.0004942435588235293,-0.004190429479180863
0.0004942535588235294,0.006758559696455189
0.0004942635588235293,0.003108896637926988
0.0004942735588235294,-0.004190429479190821
0.0004942835588235293,-0.007840092537719022
0.0004942935588235294,0.01770754887208461
0.0004943035588235293,-0.0005407664205481048
0.0004943135588235294,0.01040822275501327
0.0004943235588235294,-0.0005407664206709188
0.0004943335588235293,-0.007840092537727319
0.0004943435588235294,-0.004190429479230653
0.0004943535588235293,-0.01513941865481525
0.0004943635588235294,0.00310889663791869
0.0004943735588235293,0.00310889663791869
0.0004943835588235294,-0.0005407664206476834
0.0004943935588235293,-0.007840092537704084
0.0004944035588235294,-0.0005407664206161496
0.0004944135588235293,0.01040822275496845
0.0004944235588235294,0.00310889663792035
0.0004944335588235294,0.006758559696468467
0.0004944435588235293,0.006758559696468467
0.0004944535588235294,-0.007840092537655954
0.0004944635588235293,0.01040822275498505
0.0004944735588235294,-0.007840092537649316
0.0004944835588235293,0.01770754887204809
0.0004944935588235294,-0.004190429479164266
0.0004945035588235293,0.003108896637892135
0.0004945135588235294,-0.0005407664206377253
0.0004945235588235293,-0.007840092537694127
0.0004945335588235294,0.01405788581356802
0.0004945435588235294,-0.0005407664205945737
0.0004945535588235293,0.006758559696461828
0.0004945635588235294,-0.0005407664206012125
0.0004945735588235293,0.006758559696451871
0.0004945835588235294,-0.0005407664206410447
0.0004945935588235293,-0.004190429479169245
0.0004946035588235294,0.01040822275497841
0.0004946135588235293,-0.0114897555961908
0.0004946235588235294,0.0177075488721178
0.0004946335588235293,0.0177075488721178
0.0004946435588235293,0.003108896637925329
0.0004946535588235294,0.01040822275503484
0.0004946635588235293,0.01405788581356304
0.0004946735588235294,0.02135721193057463
0.0004946835588235293,-0.004190429479122775
0.0004946935588235294,0.01040822275499833
0.0004947035588235293,0.003108896637941926
0.0004947135588235294,-0.0005407664206111705
0.0004947235588235293,0.01405788581350163
0.0004947335588235294,0.02500687498921735
0.0004947435588235293,0.02500687498921735
0.0004947535588235293,0.006758559696476766
0.0004947635588235294,0.003108896637902093
0.0004947735588235293,-0.0005407664206261075
0.0004947835588235294,0.006758559696468467
0.0004947935588235293,0.006758559696468467
0.0004948035588235294,0.01770754887208461
0.0004948135588235293,0.0031088966379718
0.0004948235588235294,1.072460172796135
0.0004948335588235293,3.368098236610373
0.0004948435588235294,4.269565012082608
0.0004948535588235293,3.652771955191342
0.0004948635588235293,2.908240691244218
0.0004948735588235294,2.889992375952092
0.0004948835588235293,3.207513062044045
0.0004948935588235294,3.437441834733014
0.0004949035588235293,3.360798910503922
0.0004949135588235294,3.214812388161722
0.0004949235588235293,3.214812388161722
0.0004949335588235294,3.236710366513044
0.0004949435588235293,3.262258007922741
0.0004949535588235294,3.284155986274168
0.0004949635588235294,3.280506323215564
0.0004949735588235293,3.269557334039979
0.0004949835588235294,3.229411040396054
0.0004949935588235293,3.265907670981336
0.0004950035588235294,3.306053964625427
0.0004950135588235293,3.291455312391314
0.0004950235588235294,3.291455312391221
0.0004950335588235293,3.265907670981523
0.0004950435588235294,3.269557334039992
0.0004950535588235294,3.295104975449718
0.0004950635588235293,3.276856660157077
0.0004950735588235294,3.287805649332668
0.0004950835588235293,3.276856660157083
0.0004950935588235294,3.273206997098558
0.0004951035588235293,3.284155986274143
0.0004951135588235294,3.276856660157038
0.0004951235588235293,3.265907670981459
0.0004951335588235294,3.276856660157073
0.0004951435588235293,3.280506323215602
0.0004951535588235294,3.273206997098528
0.0004951635588235294,3.295104975449698
0.0004951735588235293,3.273206997098528
0.0004951835588235294,3.295104975449787
0.0004951935588235293,3.287805649332731
0.0004952035588235294,3.287805649332717
0.0004952135588235293,3.287805649332717
0.0004952235588235294,3.273206997098577
0.0004952335588235293,3.298754638508274
0.0004952435588235294,3.291455312391268
0.0004952535588235293,3.291455312391268
0.0004952635588235294,3.295104975449817
0.0004952735588235294,3.273206997098628
0.0004952835588235293,3.295104975449797
0.0004952935588235294,3.302404301566842
0.0004953035588235293,3.284155986274201
0.0004953135588235294,3.302404301566882
0.0004953235588235293,3.291455312391297
0.0004953335588235294,3.295104975449817
0.0004953435588235293,3.295104975449817
0.0004953535588235294,3.295104975449827
0.0004953635588235293,3.306053964625412
0.0004953735588235294,3.302404301566917
0.0004953835588235294,3.306053964625394
0.0004953935588235293,3.291455312391288
0.0004954035588235294,3.302404301566837
0.0004954135588235293,3.280506323215668
0.0004954235588235294,3.309703627683996
0.0004954335588235293,3.30240430156694
0.0004954435588235294,3.313353290742533
0.0004954535588235293,3.295104975449892
0.0004954635588235294,3.302404301566922
0.0004954735588235293,3.313353290742506
0.0004954835588235293,3.302404301566922
0.0004954935588235294,3.320652616859549
0.0004955035588235293,3.295104975449852
0.0004955135588235294,3.287805649332824
0.0004955235588235293,3.31700295380105
0.0004955335588235294,3.306053964625475
0.0004955435588235293,3.309703627684003
0.0004955535588235294,3.284155986274202
0.0004955635588235293,3.3097036276839
0.0004955735588235294,3.29510497544982
0.0004955835588235293,3.302404301566877
0.0004955935588235293,3.298754638508369
0.0004956035588235294,3.306053964625451
0.0004956135588235293,3.302404301566924
0.0004956235588235294,3.287805649332764
0.0004956335588235293,3.302404301566877
0.0004956435588235294,3.298754638508383
0.0004956535588235293,3.30605396462544
0.0004956635588235294,3.284155986274188
0.0004956735588235293,3.306053964625357
0.0004956835588235294,3.302404301566917
0.0004956935588235294,3.284155986274241
0.0004957035588235293,3.298754638508353
0.0004957135588235294,3.284155986274242
0.0004957235588235293,3.302404301566884
0.0004957335588235294,3.309703627683966
0.0004957435588235293,3.291455312391326
0.0004957535588235294,3.309703627683983
0.0004957635588235293,3.291455312391342
0.0004957735588235294,3.313353290742566
0.0004957835588235293,3.313353290742566
0.0004957935588235293,3.309703627684016
0.0004958035588235294,3.298754638508466
0.0004958135588235293,3.320652616859636
0.0004958235588235294,3.302404301566983
0.0004958335588235293,3.320652616859624
0.0004958435588235294,3.295104975449887
0.0004958535588235293,3.320652616859584
0.0004958635588235294,3.320652616859659
0.0004958735588235293,3.317002953801131
0.0004958835588235294,3.320652616859659
0.0004958935588235294,3.306053964625487
0.0004959035588235293,3.309703627684014
0.0004959135588235294,3.313353290742616
0.0004959235588235293,3.3243022799182
0.0004959335588235294,3.320652616859679
0.0004959435588235293,3.324302279918206
0.0004959535588235294,3.317002953801075
0.0004959635588235293,3.298754638508433
0.0004959735588235294,3.306053964625482
0.0004959835588235293,3.317002953801066
0.0004959935588235294,3.309703627684021
0.0004960035588235294,3.320652616859538
0.0004960135588235293,3.29510497544984
0.0004960235588235294,3.298754638508427
0.0004960335588235293,3.31335329074254
0.0004960435588235294,3.317002953801116
0.0004960535588235293,3.317002953801116
0.0004960635588235294,3.309703627684041
0.0004960735588235293,3.320652616859626
0.0004960835588235294,3.320652616859672
0.0004960935588235293,3.327951942976729
0.0004961035588235294,3.313353290742566
0.0004961135588235294,3.31700295380117
0.0004961235588235293,3.327951942976755
0.0004961335588235294,3.317002953801056
0.0004961435588235293,3.302404301566944
0.0004961535588235294,3.327951942976755
0.0004961635588235293,3.324302279918227
0.0004961735588235294,3.30970362768399
0.0004961835588235293,3.295104975449877
0.0004961935588235294,3.309703627684009
0.0004962035588235293,3.302404301566953
0.0004962135588235293,3.309703627684013
0.0004962235588235294,3.324302279918182
0.0004962335588235293,3.317002953801126
0.0004962435588235294,3.331601606035235
0.0004962535588235293,3.309703627684066
0.0004962635588235294,3.309703627683996
0.0004962735588235293,3.30240430156694
0.0004962835588235294,3.313353290742566
0.0004962935588235293,3.313353290742566
0.0004963035588235294,3.31335329074256
0.0004963135588235293,3.298754638508446
0.0004963235588235293,3.317002953801107
0.0004963335588235294,3.3060539646255
0.0004963435588235293,3.313353290742556
0.0004963535588235294,3.30970362768397
0.0004963635588235293,3.295104975449857
0.0004963735588235294,3.298754638508392
0.0004963835588235293,3.309703627683976
0.0004963935588235294,3.309703627683996
0.0004964035588235293,3.295104975449883
0.0004964135588235294,3.317002953801111
0.0004964235588235293,3.306053964625531
0.0004964335588235293,3.320652616859652
0.0004964435588235294,3.309703627684001
0.0004964535588235293,3.306053964625473
0.0004964635588235294,3.302404301566928
0.0004964735588235293,3.306053964625457
0.0004964835588235294,3.309703627684003
0.0004964935588235293,3.302404301566947
0.0004965035588235294,3.309703627684016
0.0004965135588235293,3.309703627684016
0.0004965235588235294,3.298754638508367
0.0004965335588235294,3.313353290742493
0.0004965435588235293,3.29875463850838
0.0004965535588235294,3.31335329074254
0.0004965635588235293,3.306053964625483
0.0004965735588235294,3.298754638508397
0.0004965835588235293,3.309703627683982
0.0004965935588235294,3.306053964625487
0.0004966035588235293,3.317002953801071
0.0004966135588235294,3.306053964625447
0.0004966235588235294,3.284155986274208
0.0004966335588235293,3.291455312391264
0.0004966435588235294,3.309703627683983
0.0004966535588235293,3.302404301566927
0.0004966635588235294,3.30605396462548
0.0004966735588235293,3.309703627684008
0.0004966835588235294,3.309703627684076
0.0004966935588235293,3.331601606035235
0.0004967035588235294,3.295104975449842
0.0004967135588235293,3.313353290742483
0.0004967235588235294,3.298754638508369
0.0004967335588235294,3.302404301566937
0.0004967435588235293,3.306053964625465
0.0004967535588235294,3.317002953801
0.0004967635588235293,3.291455312391314
0.0004967735588235294,3.302404301566894
0.0004967835588235293,3.295104975449837
0.0004967935588235294,3.295104975449817
0.0004968035588235293,3.295104975449817
0.0004968135588235294,3.309703627684011
0.0004968235588235293,3.306053964625483
0.0004968335588235294,3.309703627684016
0.0004968435588235294,3.291455312391231
0.0004968535588235293,3.284155986274174
0.0004968635588235294,3.306053964625437
0.0004968735588235293,3.29875463850838
0.0004968835588235294,3.317002953801035
0.0004968935588235293,3.291455312391337
0.0004969035588235294,3.309703627684003
0.0004969135588235293,3.302404301566947
0.0004969235588235294,3.306053964625473
0.0004969335588235293,3.31335329074253
0.0004969435588235294,3.302404301566917
0.0004969535588235294,3.28780564933279
0.0004969635588235293,3.302404301566904
0.0004969735588235294,3.309703627684029
0.0004969835588235293,3.313353290742558
0.0004969935588235294,3.317002953801066
0.0004970035588235293,3.298754638508425
0.0004970135588235294,3.320652616859626
0.0004970235588235293,3.298754638508457
0.0004970335588235294,3.298754638508377
0.0004970435588235293,3.320652616859546
0.0004970535588235293,3.284155986274184
0.0004970635588235294,3.309703627683917
0.0004970735588235293,3.287805649332747
0.0004970835588235294,3.295104975449804
0.0004970935588235293,3.291455312391276
0.0004971035588235294,3.309703627684008
0.0004971135588235293,3.30605396462548
0.0004971235588235294,3.313353290742566
0.0004971335588235293,3.313353290742566
0.0004971435588235294,3.291455312391271
0.0004971535588235293,3.298754638508327
0.0004971635588235293,3.309703627684011
0.0004971735588235294,3.309703627683956
0.0004971835588235293,3.295104975449844
0.0004971935588235294,3.309703627683982
0.0004972035588235293,3.298754638508397
0.0004972135588235294,3.291455312391309
0.0004972235588235293,3.30970362768395
0.0004972335588235294,3.302404301566937
0.0004972435588235293,3.317002953801043
0.0004972535588235294,3.295104975449817
0.0004972635588235294,3.306053964625521
0.0004972735588235293,3.317002953801106
0.0004972835588235294,3.313353290742611
0.0004972935588235293,3.324302279918196
0.0004973035588235294,3.309703627684026
0.0004973135588235293,3.313353290742555
0.0004973235588235294,3.302404301566944
0.0004973335588235293,3.317002953801056
0.0004973435588235294,3.29875463850838
0.0004973535588235293,3.313353290742493
0.0004973635588235293,3.317002953801116
0.0004973735588235294,3.309703627684016
0.0004973835588235293,3.309703627684016
0.0004973935588235294,3.302404301566957
0.0004974035588235293,3.313353290742541
0.0004974135588235294,3.298754638508397
0.0004974235588235293,3.309703627683982
0.0004974335588235294,3.291455312391288
0.0004974435588235293,3.302404301566872
0.0004974535588235294,3.30240430156692
0.0004974635588235294,3.309703627683956
0.0004974735588235293,3.298754638508372
0.0004974835588235294,3.302404301566967
0.0004974935588235293,3.313353290742551
0.0004975035588235294,3.291455312391308
0.0004975135588235293,3.302404301566887
0.0004975235588235294,3.295104975449834
0.0004975335588235293,3.30240430156689
0.0004975435588235294,3.302404301566897
0.0004975535588235293,3.287805649332784
0.0004975635588235294,3.284155986274174
0.0004975735588235294,3.298754638508407
0.0004975835588235293,3.30605396462546
0.0004975935588235294,3.306053964625511
0.0004976035588235293,3.317002953801096
0.0004976135588235294,3.306053964625408
0.0004976235588235293,3.287805649332767
0.0004976335588235294,3.295104975449858
0.0004976435588235293,3.3133532907425
0.0004976535588235294,3.29875463850838
0.0004976635588235293,3.313353290742493
0.0004976735588235294,3.309703627684016
0.0004976835588235294,3.306053964625521
0.0004976935588235293,3.317002953801106
0.0004977035588235294,3.298754638508412
0.0004977135588235293,3.309703627683996
0.0004977235588235294,3.291455312391308
0.0004977335588235293,3.30605396462542
0.0004977435588235294,3.317002953801103
0.0004977535588235293,3.309703627684046
0.0004977635588235294,3.313353290742573
0.0004977735588235293,3.320652616859629
0.0004977835588235293,3.313353290742566
0.0004977935588235294,3.3024043015669
0.0004978035588235293,3.298754638508372
0.0004978135588235294,3.313353290742526
0.0004978235588235293,3.302404301566942
0.0004978335588235294,3.306053964625487
0.0004978435588235293,3.313353290742543
0.0004978535588235294,3.317002953801096
0.0004978635588235293,3.302404301566983
0.0004978735588235294,3.291455312391274
0.0004978835588235293,3.306053964625387
0.0004978935588235293,3.309703627684014
0.0004979035588235294,3.306053964625433
0.0004979135588235293,3.298754638508377
0.0004979235588235294,3.306053964625501
0.0004979335588235293,3.317002953801086
0.0004979435588235294,3.298754638508367
0.0004979535588235293,3.298754638508367
0.0004979635588235294,3.309703627684021
0.0004979735588235293,3.31335329074255
0.0004979835588235294,3.313353290742564
0.0004979935588235293,3.309703627684036
0.0004980035588235293,3.30605396462547
0.0004980135588235294,3.298754638508397
0.0004980235588235293,3.306053964625453
0.0004980335588235294,3.324302279918146
0.0004980435588235293,3.302404301566977
0.0004980535588235294,3.320652616859641
0.0004980635588235293,3.309703627684061
0.0004980735588235294,3.313353290742546
0.0004980835588235293,3.291455312391377
0.0004980935588235294,3.320652616859666
0.0004981035588235294,3.309703627683962
0.0004981135588235293,3.298754638508377
0.0004981235588235294,3.302404301566957
0.0004981335588235293,3.313353290742541
0.0004981435588235294,3.317002953801096
0.0004981535588235293,3.309703627684039
0.0004981635588235294,3.320652616859659
0.0004981735588235293,3.317002953801131
0.0004981835588235294,3.313353290742563
0.0004981935588235294,3.309703627684056
0.0004982035588235293,3.317002953801113
0.0004982135588235294,3.306053964625516
0.0004982235588235293,3.317002953801101
0.0004982335588235294,3.302404301566944
0.0004982435588235293,3.309703627684
0.0004982535588235294,3.295104975449837
0.0004982635588235293,3.302404301566894
0.0004982735588235294,3.295104975449837
0.0004982835588235293,3.30970362768395
0.0004982935588235294,3.309703627684023
0.0004983035588235294,3.324302279918136
0.0004983135588235293,3.309703627684023
0.0004983235588235294,3.302404301566967
0.0004983335588235293,3.313353290742546
0.0004983435588235294,3.302404301566964
0.0004983535588235293,3.317002953801076
0.0004983635588235294,3.317002953801141
0.0004983735588235293,3.327951942976725
0.0004983835588235294,3.309703627684026
0.0004983935588235293,3.317002953801083
0.0004984035588235294,3.309703627684016
0.0004984135588235294,3.317002953801152
0.0004984235588235293,3.324302279918209
0.0004984335588235294,3.331601606035255
0.0004984435588235293,3.317002953801143
0.0004984535588235294,3.317002953801139
0.0004984635588235293,3.324302279918196
0.0004984735588235294,3.302404301566924
0.0004984835588235293,3.306053964625451
0.0004984935588235294,3.29510497544984
0.0004985035588235293,3.320652616859538
0.0004985135588235294,3.324302279918216
0.0004985235588235294,3.324302279918124
0.0004985335588235293,3.306053964625483
0.0004985435588235294,3.317002953801116
0.0004985535588235293,3.317002953801116
0.0004985635588235294,3.327951942976686
0.0004985735588235293,3.29875463850846
0.0004985835588235294,3.338900932152375
0.0004985935588235293,3.317002953801206
0.0004986035588235294,3.324302279918209
0.0004986135588235293,3.317002953801156
0.0004986235588235293,3.317002953801116
0.0004986335588235294,3.317002953801182
0.0004986435588235293,3.331601606035295
0.0004986535588235294,3.317002953801129
0.0004986635588235293,3.320652616859657
0.0004986735588235294,3.317002953801091
0.0004986835588235293,3.306053964625506
0.0004986935588235294,3.33890093215238
0.0004987035588235293,3.313353290742683
0.0004987135588235294,3.320652616859666
0.0004987235588235293,3.320652616859666
0.0004987335588235293,3.33160160603531
0.0004987435588235294,3.324302279918276
0.0004987535588235293,3.338900932152388
0.0004987635588235294,3.309703627684016
0.0004987735588235293,3.309703627684016
0.0004987835588235294,3.313353290742566
0.0004987935588235293,3.313353290742566
0.0004988035588235294,3.302404301566927
0.0004988135588235293,3.309703627683983
0.0004988235588235294,3.313353290742566
0.0004988335588235294,3.284155986274314
0.0004988435588235293,3.31335329074254
0.0004988535588235294,3.324302279918141
0.0004988635588235293,3.3060539646255
0.0004988735588235294,3.317002953801116
0.0004988835588235293,3.317002953801116
0.0004988935588235294,3.309703627683996
0.0004989035588235293,3.298754638508412
0.0004989135588235294,3.306053964625457
0.0004989235588235293,3.295104975449872
0.0004989335588235293,3.302404301566917
0.0004989435588235294,3.317002953801099
0.0004989535588235293,3.313353290742571
0.0004989635588235294,3.298754638508446
0.0004989735588235293,3.320652616859616
0.0004989835588235294,3.306053964625487
0.0004989935588235293,3.313353290742543
0.0004990035588235294,3.313353290742566
0.0004990135588235293,3.313353290742566
0.0004990235588235294,3.302404301566917
0.0004990335588235294,3.302404301566977
0.0004990435588235293,3.313353290742561
0.0004990535588235294,3.320652616859632
0.0004990635588235293,3.313353290742576
0.0004990735588235294,3.295104975449804
0.0004990835588235293,3.291455312391276
0.0004990935588235294,3.30240430156695
0.0004991035588235293,3.317002953801063
0.0004991135588235294,3.320652616859636
0.0004991235588235293,3.298754638508466
0.0004991335588235294,3.298754638508365
0.0004991435588235294,3.295104975449917
0.0004991535588235293,3.31335329074255
0.0004991635588235294,3.320652616859561
0.0004991735588235293,3.295104975449864
0.0004991835588235294,3.327951942976707
0.0004991935588235293,3.309703627684066
0.0004992035588235294,3.298754638508392
0.0004992135588235293,3.309703627683976
0.0004992235588235294,3.313353290742576
0.0004992335588235293,3.324302279918161
0.0004992435588235294,3.295104975449817
0.0004992535588235294,3.317002953801152
0.0004992635588235293,3.324302279918209
0.0004992735588235294,3.320652616859591
0.0004992835588235293,3.30240430156695
0.0004992935588235294,3.302404301566927
0.0004993035588235293,3.306053964625455
0.0004993135588235294,3.302404301566937
0.0004993235588235293,3.313353290742521
0.0004993335588235294,3.327951942976742
0.0004993435588235293,3.302404301567045
0.0004993535588235293,3.324302279918216
0.0004993635588235294,3.295104975449934
0.0004993735588235293,3.320652616859631
0.0004993835588235294,3.291455312391308
0.0004993935588235293,3.302404301566892
0.0004994035588235294,3.295104975449827
0.0004994135588235293,3.298754638508355
0.0004994235588235294,3.302404301566944
0.0004994335588235293,3.31700295380105
0.0004994435588235294,3.291455312391276
0.0004994535588235293,3.309703627683917
0.0004994635588235293,3.320652616859661
0.0004994735588235294,3.324302279918116
0.0004994835588235293,3.302404301566947
0.0004994935588235294,3.302404301566917
0.0004995035588235293,3.302404301566917
0.0004995135588235294,3.302404301566917
0.0004995235588235293,3.302404301566917
0.0004995335588235294,3.306053964625482
0.0004995435588235293,3.317002953801066
0.0004995535588235294,3.313353290742563
0.0004995635588235293,3.306053964625506
0.0004995735588235293,3.31335329074256
0.0004995835588235294,3.28780564932849
0.0004995935588235293,2.25495100376501
0.0004996035588235294,-0.1684252671169879
0.0004996135588235293,-1.131936314568433
0.0004996235588235294,-0.387405050624783
0.0004996335588235293,0.5469086923584363
0.0004996435588235294,0.583405322946895
0.0004996535588235293,0.1016497992211725
0.0004996635588235294,-0.263316506636215
0.0004996735588235294,-0.1246293104099725
0.0004996835588235293,0.1454457559211143
0.0004996935588235294,0.2074900279162282
0.0004997035588235293,0.09070081004337888
0.0004997135588235294,-0.007840092537680849
0.0004997235588235293,0.01040822275496015
0.0004997335588235294,0.04325519028202598
0.0004997435588235293,0.07610215780877978
0.0004997535588235294,0.09070081004308013
0.0004997635588235294,0.0542041794574164
0.0004997735588235293,0.0177075488721344
0.0004997835588235294,0.02135721193076715
0.0004997935588235293,0.04325519028193636
0.0004998035588235294,0.06880283169178812
0.0004998135588235293,0.06150350557473171
0.0004998235588235294,0.0396055272234065
0.0004998335588235293,0.0359558641648783
0.0004998435588235294,0.02865653804781194
0.0004998535588235293,0.06150350557456574
0.0004998635588235294,0.04690485334051435
0.0004998735588235294,0.04325519028186665
0.0004998835588235293,0.02500687498922565
0.0004998935588235294,0.03960552722344965
0.0004999035588235293,0.04690485334050605
0.0004999135588235294,0.03230620110628205
0.0004999235588235293,0.02135721193069744
0.0004999335588235294,0.05055451639904089
0.0004999435588235293,0.03960552722345628
0.0004999535588235294,0.03595586416488162
0.0004999635588235293,0.04690485334046622
0.0004999735588235294,0.03595586416486668
0.0004999835588235294,0.02500687498923561
0.0004999935588235293,0.02865653804776381
0.0005000035588235294,0.03595586416483681
0.0005000135588235293,0.0286565380477804
0.0005000235588235294,0.03230620110642147
0.0005000335588235293,0.06515316863317527
0.0005000435588235294,0.02135721193067421
0.0005000535588235293,0.02500687498920241
0.0005000635588235294,0.02500687498921071
0.0005000735588235293,0.01770754887215431
0.0005000835588235294,0.02500687498921735
0.0005000935588235294,0.006758559696523237
0.0005001035588235293,0.01770754887210784
0.0005001135588235294,0.02135721193065429
0.0005001235588235293,0.0177075488721261
0.0005001335588235294,0.03595586416481689
0.0005001435588235293,0.01770754887217589
0.0005001535588235294,0.02865653804774721
0.0005001635588235293,0.01770754887216261
0.0005001735588235294,0.01770754887213108
0.0005001835588235293,0.03230620110624388
0.0005001935588235293,0.02135721193067255
0.0005002035588235294,0.02865653804773393
0.0005002135588235293,0.02135721193067753
0.0005002235588235294,0.0177075488721178
0.0005002335588235293,0.0177075488721178
0.0005002435588235294,0.02865653804775717
0.0005002535588235293,0.02500687498923063
0.0005002635588235294,0.03595586416483681
0.0005002735588235293,0.0140578858136676
0.0005002835588235294,0.02135721193066923
0.0005002935588235293,0.02500687498919743
0.0005003035588235293,0.01040822275502488
0.0005003135588235294,0.02500687498917254
0.0005003235588235293,0.01405788581358794
0.0005003335588235294,0.01405788581361449
0.0005003435588235293,0.02865653804772729
0.0005003535588235294,0.02135721193065927
0.0005003635588235293,0.01770754887213108
0.0005003735588235294,0.006758559696488383
0.0005003835588235293,0.02135721193060119
0.0005003935588235294,0.01040822275501824
0.0005004035588235294,0.0104082227550365
0.0005004135588235293,0.0140578858135647
0.0005004235588235294,0.03595586416474719
0.0005004335588235293,0.006758559696521577
0.0005004435588235294,0.01405788581357964
0.0005004535588235293,0.01770754887210784
0.0005004635588235294,0.003108896637965161
0.0005004735588235293,0.02865653804766257
0.0005004835588235294,0.01040822275501493
0.0005004935588235293,0.006758559696486723
0.0005005035588235294,0.00310889663791869
0.0005005135588235294,0.006758559696578005
0.0005005235588235293,0.02865653804773725
0.0005005335588235294,0.01040822275499169
0.0005005435588235293,0.003108896637935287
0.0005005535588235294,0.02135721193059787
0.0005005635588235293,-0.00419042947909954
0.0005005735588235294,0.02135721193065429
0.0005005835588235293,0.01405788581359789
0.0005005935588235294,0.02135721193065927
0.0005006035588235294,0.003108896637998355
0.0005006135588235293,0.01770754887211116
0.0005006235588235294,0.01040822275503484
0.0005006335588235293,0.01405788581356304
0.0005006435588235294,0.01405788581352819
0.0005006535588235293,0.003108896637943585
0.0005006635588235294,0.01040822275500165
0.0005006735588235293,0.003108896637945245
0.0005006835588235294,0.01040822275502322
0.0005006935588235293,0.01405788581355142
0.0005007035588235294,0.01405788581356636
0.0005007135588235294,0.01040822275505808
0.0005007235588235293,0.01770754887211448
0.0005007335588235294,-0.0005407664205862754
0.0005007435588235293,0.01040822275499833
0.0005007535588235294,0.006758559696514938
0.0005007635588235293,0.02135721193062774
0.0005007735588235294,0.006758559696435274
0.0005007835588235293,-0.007840092537677529
0.0005007935588235294,0.006758559696468467
0.0005008035588235293,0.006758559696468467
0.0005008135588235294,0.01040822275501824
0.0005008235588235294,0.01405788581353151
0.0005008335588235293,0.006758559696475106
0.0005008435588235294,0.01405788581356802
0.0005008535588235293,0.01405788581356802
0.0005008635588235294,0.02865653804763767
0.0005008735588235293,-0.01878908171322894
0.0005008835588235294,-0.00419042947920078
0.0005008935588235293,-0.01513941865478538
0.0005009035588235294,0.01040822275501161
0.0005009135588235293,0.003108896637955202
0.0005009235588235293,0.006758559696468467
0.0005009335588235294,-0.00419042947919746
0.0005009435588235293,-0.007840092537725661
0.0005009535588235294,0.01405788581354146
0.0005009635588235293,0.006758559696485064
0.0005009735588235294,0.0140578858135481
0.0005009835588235293,0.006758559696491703
0.0005009935588235294,0.003108896637905412
0.0005010035588235293,-0.004190429479150989
0.0005010135588235294,0.02500687498920573
0.0005010235588235293,-0.0005407664204916743
0.0005010335588235293,-0.004190429479179204
0.0005010435588235294,-0.0005407664206144899
0.0005010535588235293,0.003108896637913711
0.0005010635588235294,0.02500687498916424
0.0005010735588235293,0.01040822275505808
0.0005010835588235294,-0.007840092537655954
0.0005010935588235293,0.02500687498909786
0.0005011035588235294,0.003108896637933627
0.0005011135588235293,0.01405788581351823
0.0005011235588235294,0.01405788581357632
0.0005011335588235293,0.03230620110621733
0.0005011435588235293,0.01770754887213108
0.0005011535588235294,-0.0005407664205713383
0.0005011635588235293,0.01405788581354146
0.0005011735588235294,0.00675855969645685
0.0005011835588235293,0.003108896637928648
0.0005011935588235294,-0.0005407664206144899
0.0005012035588235293,0.006758559696441912
0.0005012135588235294,0.01040822275501824
0.0005012235588235293,0.01040822275501824
0.0005012335588235294,0.02865653804776713
0.0005012435588235294,-0.0005407664205215481
0.0005012535588235293,0.02135721193064766
0.0005012635588235294,0.01405788581362777
0.0005012735588235293,0.02865653804774057
0.0005012835588235294,-0.0005407664206111705
0.0005012935588235293,0.006758559696445232
0.0005013035588235294,0.02865653804770074
0.0005013135588235293,-0.007840092537581264
0.0005013235588235294,0.02500687498920075
0.0005013335588235294,0.006758559696403739
0.0005013435588235293,-0.004190429479175885
0.0005013535588235294,0.02135721193063438
0.0005013635588235293,0.01405788581357798
0.0005013735588235294,0.01770754887206469
0.0005013835588235293,0.003108896637951884
0.0005013935588235294,0.006758559696478425
0.0005014035588235293,0.01040822275500663
0.0005014135588235294,0.02135721193066757
0.0005014235588235293,0.02135721193066757
0.0005014335588235294,-0.004190429479177544
0.0005014435588235294,0.00310889663791869
0.0005014535588235293,0.00310889663791869
0.0005014635588235294,0.0177075488721012
0.0005014735588235293,0.014057885813573
0.0005014835588235294,0.006758559696468467
0.0005014935588235293,0.006758559696468467
0.0005015035588235294,0.02865653804774223
0.0005015135588235293,0.01770754887215763
0.0005015235588235294,0.006758559696463488
0.0005015335588235293,0.003108896637935287
0.0005015435588235294,-0.004190429479164266
0.0005015535588235294,0.03230620110622563
0.0005015635588235293,0.01405788581358462
0.0005015735588235294,0.01405788581350827
0.0005015835588235293,-0.0005407664206045319
0.0005015935588235294,0.006758559696445231
0.0005016035588235293,-0.0005407664206111707
0.0005016135588235294,0.003108896637931968
0.0005016235588235293,0.01040822275498837
0.0005016335588235294,0.02135721193065429
0.0005016435588235293,0.006758559696541492
0.0005016535588235294,0.01405788581356802
0.0005016635588235294,0.01040822275498173
0.0005016735588235293,0.003108896637925329
0.0005016835588235294,-0.007840092537650976
0.0005016935588235293,0.01405788581351823
0.0005017035588235294,-0.0005407664205514223
0.0005017135588235293,0.02865653804767418
0.0005017235588235294,0.01770754887208461
0.0005017335588235293,-0.0005407664205564003
0.0005017435588235294,0.01040822275501161
0.0005017535588235293,0.003108896637955202
0.0005017635588235293,-0.0005407664206294269
0.0005017735588235294,0.01040822275501824
0.0005017835588235293,0.01040822275501824
0.0005017935588235294,0.0140578858135813
0.0005018035588235293,0.0177075488721095
0.0005018135588235294,0.006758559696478425
0.0005018235588235293,0.01040822275500663
0.0005018335588235294,0.006758559696463488
0.0005018435588235293,0.003108896637935287
0.0005018535588235294,0.01405788581356636
0.0005018635588235293,0.01040822275503816
0.0005018735588235293,0.01040822275501824
0.0005018835588235294,-0.01148975559618084
0.0005018935588235293,0.01040822275497841
0.0005019035588235294,0.006758559696445231
0.0005019135588235293,-0.0005407664206111707
0.0005019235588235294,0.01040822275500165
0.0005019335588235293,0.003108896637945245
0.0005019435588235294,0.006758559696478425
0.0005019535588235293,0.01405788581353483
0.0005019635588235294,0.0177075488721178
0.0005019735588235293,-0.0005407664205232081
0.0005019835588235293,0.0177075488721012
0.0005019935588235294,0.01040822275497343
0.0005020035588235293,-0.0005407664206111707
0.0005020135588235294,-0.0005407664206775575
0.0005020235588235293,-0.01513941865479036
0.0005020335588235294,0.0140578858135481
0.0005020435588235293,0.003108896637963501
0.0005020535588235294,-0.0005407664206310866
0.0005020635588235293,-0.0005407664206310866
0.0005020735588235294,0.01040822275501824
0.0005020835588235294,0.003108896637955203
0.0005020935588235293,0.01040822275501161
0.0005021035588235294,0.01040822275503152
0.0005021135588235293,0.01405788581355972
0.0005021235588235294,0.01770754887210784
0.0005021335588235293,0.01405788581357964
0.0005021435588235294,0.01040822275503816
0.0005021535588235293,0.02135721193062276
0.0005021635588235294,-0.0005407664206261077
0.0005021735588235294,0.01040822275511782
0.0005021835588235293,0.02865653804775883
0.0005021935588235294,0.02500687498923395
0.0005022035588235293,0.02865653804776215
0.0005022135588235294,0.003108896637958522
0.0005022235588235293,0.01405788581354312
0.0005022335588235294,0.02500687498918416
0.0005022435588235293,0.01040822275507135
0.0005022535588235294,0.01040822275503816
0.0005022635588235293,0.02500687498915096
0.0005022735588235294,0.02500687498921403
0.0005022835588235294,0.01770754887219746
0.0005022935588235293,0.03230620110631027
0.0005023035588235294,0.01405788581352321
0.0005023135588235293,0.003108896637938606
0.0005023235588235294,0.0177075488721178
0.0005023335588235293,0.0177075488721178
0.0005023435588235294,0.01040822275501824
0.0005023535588235293,0.01040822275501824
0.0005023635588235294,-0.004190429479160947
0.0005023735588235293,0.01040822275494522
0.0005023835588235294,0.01405788581356802
0.0005023935588235294,0.01040822275507301
0.0005024035588235293,0.02135721193065761
0.0005024135588235294,0.006758559696423656
0.0005024235588235293,-0.004190429479160948
0.0005024335588235294,0.01770754887209788
0.0005024435588235293,0.01040822275504148
0.0005024535588235294,0.01770754887211116
0.0005024635588235293,0.01405788581358296
0.0005024735588235294,-0.004190429479174224
0.0005024835588235293,0.003108896637882178
0.0005024935588235293,0.0177075488721178
0.0005025035588235294,0.01405788581355142
0.0005025135588235293,0.01040822275502322
0.0005025235588235294,0.01405788581355474
0.0005025335588235293,0.01040822275502654
0.0005025435588235294,-0.004190429479141031
0.0005025535588235293,0.01040822275497177
0.0005025635588235294,-0.00419042947914767
0.0005025735588235293,0.01405788581349333
0.0005025835588235294,0.02500687498920905
0.0005025935588235293,0.006758559696568047
0.0005026035588235293,0.006758559696468467
0.0005026135588235294,0.02865653804766755
0.0005026235588235293,0.006758559696498342
0.0005026335588235294,0.006758559696534854
0.0005026435588235293,0.02500687498917586
0.0005026535588235294,0.02135721193062608
0.0005026635588235293,0.003108896637985078
0.0005026735588235294,0.01040822275501824
0.0005026835588235293,0.01040822275501824
0.0005026935588235294,0.01405788581356636
0.0005027035588235293,0.01040822275503816
0.0005027135588235293,0.01040822275501824
0.0005027235588235294,0.01040822275497343
0.0005027335588235293,-0.0005407664206111707
0.0005027435588235294,0.0177075488721178
0.0005027535588235293,0.0177075488721178
0.0005027635588235294,0.03230620110623392
0.0005027735588235293,-0.004190429479048088
0.0005027835588235294,0.03230620110629035
0.0005027935588235293,0.00310889663806474
0.0005028035588235294,0.01405788581356802
0.0005028135588235294,0.01040822275501824
0.0005028235588235293,0.01040822275501824
0.0005028335588235294,0.003108896637873879
0.0005028435588235293,-0.007840092537710723
0.0005028535588235294,0.01405788581355806
0.0005028635588235293,0.01040822275502986
0.0005028735588235294,0.00675855969650166
0.0005028835588235293,0.02500687498914266
0.0005028935588235294,0.006758559696465148
0.0005029035588235294,0.003108896638091296
0.0005029135588235293,0.03230620110631691
0.0005029235588235294,0.01770754887220078
0.0005029335588235293,0.03595586416484178
0.0005029435588235294,0.003108896637971799
0.0005029535588235293,0.0177075488720846
0.0005029635588235294,0.02500687498917752
0.0005029735588235293,0.01040822275506472
0.0005029835588235294,0.02865653804774721
0.0005029935588235293,0.01405788581363441
0.0005030035588235294,0.03230620110630363
0.0005030135588235294,0.003108896638038186
0.0005030235588235293,0.02500687498920739
0.0005030335588235294,0.0359558641647837
0.0005030435588235293,0.01770754887214269
0.0005030535588235294,0.01770754887209456
0.0005030635588235293,0.01040822275503816
0.0005030735588235294,0.01040822275507633
0.0005030835588235293,0.03595586416477374
0.0005030935588235294,0.02135721193066259
0.0005031035588235293,0.0177075488721344
0.0005031135588235294,0.02135721193067089
0.0005031235588235294,0.02865653804765759
0.0005031335588235293,0.006758559696488382
0.0005031435588235294,0.01040822275507799
0.0005031535588235293,0.02500687498919079
0.0005031635588235294,0.0213572119306211
0.0005031735588235293,0.0067585596965083
0.0005031835588235294,0.006758559696509959
0.0005031935588235293,0.02500687498914266
0.0005032035588235294,0.003108896637922009
0.0005032135588235293,0.006758559696450211
0.0005032235588235294,0.0177075488721178
0.0005032335588235294,0.02500687498919909
0.0005032435588235293,0.02135721193067089
0.0005032535588235294,0.02865653804775385
0.0005032635588235293,0.02500687498922565
0.0005032735588235294,0.006758559696448551
0.0005032835588235293,-0.0005407664206078513
0.0005032935588235294,0.003108896637965161
0.0005033035588235293,0.02865653804766257
0.0005033135588235294,0.02500687498922067
0.0005033235588235293,0.02865653804774887
0.0005033335588235293,0.02865653804776713
0.0005033435588235294,0.003108896637985077
0.0005033535588235293,0.01770754887209788
0.0005033635588235294,0.02500687498919079
0.0005033735588235293,0.0177075488721344
0.0005033835588235294,0.01040822275504812
0.0005033935588235293,0.02135721193063272
0.0005034035588235294,0.003108896637933627
0.0005034135588235293,0.01405788581351823
0.0005034235588235294,0.006758559696466808
0.0005034335588235293,0.003108896637938606
0.0005034435588235293,0.02135721193065927
0.0005034535588235294,0.01040822275501824
0.0005034635588235293,0.01040822275501824
0.0005034735588235294,0.003108896637988396
0.0005034835588235293,0.0250068749891576
0.0005034935588235294,-0.0005407664206061915
0.0005035035588235293,0.01040822275497841
0.0005035135588235294,0.01770754887211282
0.0005035235588235293,0.01405788581358462
0.0005035335588235294,0.01040822275501824
0.0005035435588235294,0.01770754887208129
0.0005035535588235293,0.01040822275502488
0.0005035635588235294,0.02500687498923228
0.0005035735588235293,0.02865653804776049
0.0005035835588235294,0.03230620110629367
0.0005035935588235293,0.02500687498923727
0.0005036035588235294,0.01770754887209788
0.0005036135588235293,0.006758559696513278
0.0005036235588235294,0.01405788581357466
0.0005036335588235293,0.02135721193063106
0.0005036435588235294,0.01040822275501824
0.0005036535588235294,0.03230620110618911
0.0005036635588235293,0.006758559696491702
0.0005036735588235294,0.01770754887210452
0.0005036835588235293,0.01405788581357632
0.0005036935588235294,0.003108896638008312
0.0005037035588235293,0.03595586416476212
0.0005037135588235294,0.01040822275503816
0.0005037235588235293,0.02135721193062276
0.0005037335588235294,0.02865653804775717
0.0005037435588235293,0.01770754887217755
0.0005037535588235293,0.02865653804776215
0.0005037635588235294,0.01040822275510123
0.0005037735588235293,0.02865653804774223
0.0005037835588235294,0.02865653804771402
0.0005037935588235293,0.01405788581360121
0.0005038035588235294,0.02500687498919245
0.0005038135588235293,0.01405788581360785
0.0005038235588235294,0.01040822275501327
0.0005038335588235293,0.006758559696485063
0.0005038435588235294,0.02500687498921071
0.0005038535588235294,0.01040822275511782
0.0005038635588235293,0.02865653804775883
0.0005038735588235294,0.01405788581355308
0.0005038835588235293,0.01040822275502488
0.0005038935588235294,0.0140578858135564
0.0005039035588235293,0.0104082227550282
0.0005039135588235294,0.006758559696468467
0.0005039235588235293,0.006758559696468467
0.0005039335588235294,0.01405788581355308
0.0005039435588235293,0.00310889663796848
0.0005039535588235294,0.0177075488721178
0.0005039635588235294,-0.004190429479089581
0.0005039735588235293,0.01405788581355142
0.0005039835588235294,0.02500687498921735
0.0005039935588235293,0.02500687498921735
0.0005040035588235294,0.01040822275500663
0.0005040135588235293,0.006758559696480084
0.0005040235588235294,0.006758559696488383
0.0005040335588235293,0.01770754887207299
0.0005040435588235294,0.01405788581356802
0.0005040535588235293,0.01405788581356802
0.0005040635588235293,0.02500687498921735
0.0005040735588235294,0.02135721193061778
0.0005040835588235293,0.01040822275503318
0.0005040935588235294,0.01770754887210452
0.0005041035588235293,0.01405788581357632
0.0005041135588235294,0.02135721193064766
0.0005041235588235293,0.01405788581359126
0.0005041335588235294,0.02135721193064766
0.0005041435588235293,0.01040822275506306
0.0005041535588235294,0.03230620110631027
0.0005041635588235293,0.01770754887219746
0.0005041735588235293,0.006758559696473446
0.0005041835588235294,0.01770754887208461
0.0005041935588235293,0.0104082227550282
0.0005042035588235294,0.0177075488721178
0.0005042135588235293,0.0177075488721178
0.0005042235588235294,0.0177075488721178
0.0005042335588235293,0.0177075488721178
0.0005042435588235294,0.01770754887213273
0.0005042535588235293,0.02865653804771734
0.0005042635588235294,-0.0005407664206178093
0.0005042735588235293,0.0286565380476078
0.0005042835588235293,0.01770754887212776
0.0005042935588235294,0.03230620110628703
0.0005043035588235293,0.02500687498923063
0.0005043135588235294,0.01405788581364934
0.0005043235588235293,0.03960552722334675
0.0005043335588235294,0.00675855969650166
0.0005043435588235293,0.02135721193061446
0.0005043535588235294,0.02135721193066425
0.0005043635588235293,0.01770754887213605
0.0005043735588235294,0.03595586416486668
0.0005043835588235294,0.01405788581360453
0.0005043935588235293,0.02135721193066093
0.0005044035588235294,0.01405788581353815
0.0005044135588235293,0.006758559696481745
0.0005044235588235294,0.0104082227550282
0.0005044335588235293,0.0140578858135564
0.0005044435588235294,0.01770754887212444
0.0005044535588235293,0.02135721193065264
0.0005044635588235294,0.0177075488721178
0.0005044735588235293,0.0177075488721178
0.0005044835588235293,0.02135721193066757
0.0005044935588235294,0.02135721193068417
0.0005045035588235293,0.02500687498921237
0.0005045135588235294,0.01040822275500497
0.0005045235588235293,0.006758559696476766
0.0005045335588235294,0.01040822275507799
0.0005045435588235293,0.0323062011062472
0.0005045535588235294,0.02500687498923063
0.0005045635588235293,0.03230620110628371
0.0005045735588235294,0.02135721193066591
0.0005045835588235294,0.01770754887217755
0.0005045935588235293,0.02865653804776215
0.0005046035588235294,0.02135721193068417
0.0005046135588235293,0.02500687498921237
0.0005046235588235294,0.003108896638000014
0.0005046335588235293,0.02865653804769742
0.0005046435588235294,0.02135721193069247
0.0005046535588235293,0.03230620110627708
0.0005046635588235294,0.02500687498918747
0.0005046735588235293,0.00310889663801827
0.0005046835588235294,0.006758559696478425
0.0005046935588235294,0.02865653804771236
0.0005047035588235293,0.01770754887212776
0.0005047135588235294,0.02500687498921735
0.0005047235588235293,0.02500687498921735
0.0005047335588235294,0.01405788581357964
0.0005047435588235293,0.01770754887210784
0.0005047535588235294,0.01040822275505974
0.0005047635588235293,0.02865653804770074
0.0005047735588235294,0.02135721193067753
0.0005047835588235293,0.03230620110626214
0.0005047935588235294,0.0177075488721178
0.0005048035588235294,0.02135721193064932
0.0005048135588235293,0.01770754887212112
0.0005048235588235294,0.01405788581359789
0.0005048335588235293,0.02135721193065097
0.0005048435588235294,0.02865653804774721
0.0005048535588235293,0.02135721193069081
0.0005048635588235294,0.02135721193063438
0.0005048735588235293,0.003108896637993377
0.0005048835588235294,0.02500687498921403
0.0005048935588235293,0.02135721193068583
0.0005049035588235293,0.02500687498921569
0.0005049135588235294,0.03960552722336666
0.0005049235588235293,0.02865653804778207
0.0005049335588235294,0.01770754887206469
0.0005049435588235293,0.003108896637951884
0.0005049535588235294,0.03230620110625716
0.0005049635588235293,0.01040822275508795
0.0005049735588235294,0.02500687498918249
0.0005049835588235293,-0.0005407664205149092
0.0005049935588235294,0.0140578858135647
0.0005050035588235293,0.006758559696508299
0.0005050135588235293,0.01770754887211282
0.0005050235588235294,0.02135721193066757
0.0005050335588235293,0.02135721193066757
0.0005050435588235294,0.006758559696491703
0.0005050535588235293,0.0140578858135481
0.0005050635588235294,0.01040822275503484
0.0005050735588235293,0.01770754887209124
0.0005050835588235294,0.01040822275500829
0.0005050935588235293,0.003108896637951883
0.0005051035588235294,0.01040822275501824
0.0005051135588235294,-0.004190429479016555
0.0005051235588235293,0.02865653804773725
0.0005051335588235294,-0.0005407664205115901
0.0005051435588235293,0.02865653804771402
0.0005051535588235294,0.01040822275504148
0.0005051635588235293,0.01770754887209788
0.0005051735588235294,0.006758559696488383
0.0005051835588235293,0.01770754887207299
0.0005051935588235294,-0.004190429479170905
0.0005052035588235293,0.006758559696413699
0.0005052135588235294,0.03595586416486668
0.0005052235588235294,0.02865653804763933
0.0005052335588235293,0.003108896637941925
0.0005052435588235294,0.01405788581360785
0.0005052535588235293,0.02500687498919246
0.0005052635588235294,0.01770754887206801
0.0005052735588235293,-0.0005407664205729981
0.0005052835588235294,0.02865653804774721
0.0005052935588235293,0.01770754887216261
0.0005053035588235294,0.02865653804775053
0.0005053135588235293,0.01040822275510953
0.0005053235588235293,0.006758559696470127
0.0005053335588235294,0.0177075488721012
0.0005053435588235293,0.014057885813573
0.0005053535588235294,0.01040822275501824
0.0005053635588235293,0.01040822275501824
0.0005053735588235294,-0.0005407664206410447
0.0005053835588235293,-0.004190429479167586
0.0005053935588235294,0.0177075488721178
0.0005054035588235293,0.0177075488721178
0.0005054135588235294,0.003108896637925329
0.0005054235588235294,0.0177075488721178
0.0005054335588235293,0.0177075488721178
0.0005054435588235294,0.02135721193060782
0.0005054535588235293,0.006758559696495022
0.0005054635588235294,0.01770754887212942
0.0005054735588235293,0.02135721193065761
0.0005054835588235294,0.02865653804773393
0.0005054935588235293,0.01405788581362113
0.0005055035588235294,0.03230620110628205
0.0005055135588235293,0.006758559696584645
0.0005055235588235294,0.02135721193066757
0.0005055335588235294,0.01770754887213605
0.0005055435588235293,0.02135721193066425
0.0005055535588235294,0.02500687498918747
0.0005055635588235293,0.01770754887213108
0.0005055735588235294,0.02865653804773227
0.0005055835588235293,0.01770754887214767
0.0005055935588235294,0.02500687498921071
0.0005056035588235293,0.02135721193068251
0.0005056135588235294,0.02865653804776381
0.0005056235588235293,0.02500687498923561
0.0005056335588235294,0.00310889663791869
0.0005056435588235294,0.01405788581356802
0.0005056535588235293,0.01405788581356802
0.0005056635588235294,0.01770754887217091
0.0005056735588235293,0.03230620110628371
0.0005056835588235294,0.01040822275505808
0.0005056935588235293,0.02500687498917088
0.0005057035588235294,0.03595586416481357
0.0005057135588235293,0.006758559696587965
0.0005057235588235294,0.02500687498921237
0.0005057335588235293,0.01405788581362777
0.0005057435588235293,0.01405788581356802
0.0005057535588235294,0.02865653804770074
0.0005057635588235293,0.01405788581358794
0.0005057735588235294,0.006758559696521576
0.0005057835588235293,0.02135721193063438
0.0005057935588235294,0.0177075488721261
0.0005058035588235293,0.02135721193065429
0.0005058135588235294,0.0177075488721178
0.0005058235588235293,0.0177075488721178
0.0005058335588235294,0.02865653804776215
0.0005058435588235293,0.01770754887217755
0.0005058535588235293,0.03230620110631027
0.0005058635588235294,0.01405788581358296
0.0005058735588235293,0.01770754887211116
0.0005058835588235294,0.02500687498917088
0.0005058935588235293,0.01040822275505808
0.0005059035588235294,0.006758559696476765
0.0005059135588235293,0.01040822275500497
0.0005059235588235294,0.003108896637935287
0.0005059335588235293,0.02135721193057629
0.0005059435588235294,0.01040822275501824
0.0005059535588235294,0.02135721193063106
0.0005059635588235293,0.01405788581357466
0.0005059735588235294,0.01405788581356802
0.0005059835588235293,0.01405788581356802
0.0005059935588235294,0.02135721193069745
0.0005060035588235293,0.03230620110628205
0.0005060135588235294,0.02865653804772729
0.0005060235588235293,0.00675855969655809
0.0005060335588235294,0.02865653804776713
0.0005060435588235293,0.02865653804776713
0.0005060535588235293,0.0177075488721178
0.0005060635588235294,0.02865653804771734
0.0005060735588235293,0.01770754887213274
0.0005060835588235294,0.0104082227550448
0.0005060935588235293,0.0177075488721012
0.0005061035588235294,0.01770754887209788
0.0005061135588235293,0.01040822275504148
0.0005061235588235294,0.01405788581361449
0.0005061335588235293,0.0396055272233119
0.0005061435588235294,0.02865653804776049
0.0005061535588235294,0.0140578858136676
0.0005061635588235293,0.03230620110630861
0.0005061735588235294,0.01040822275501824
0.0005061835588235293,0.01040822275501824
0.0005061935588235294,0.01405788581356802
0.0005062035588235293,0.01405788581356802
0.0005062135588235294,0.02135721193067587
0.0005062235588235293,0.02500687498920407
0.0005062335588235294,0.01040822275503816
0.0005062435588235293,0.02500687498915096
0.0005062535588235294,0.003108896637928648
0.0005062635588235294,0.02500687498916258
0.0005062735588235293,0.01405788581357798
0.0005062835588235294,0.01405788581355308
0.0005062935588235293,0.01040822275502488
0.0005063035588235294,0.01405788581357964
0.0005063135588235293,0.01770754887210784
0.0005063235588235294,0.02135721193063438
0.0005063335588235293,0.006758559696521577
0.0005063435588235294,0.02135721193067421
0.0005063535588235293,0.02865653804773061
0.0005063635588235294,0.0177075488721178
0.0005063735588235294,0.0104082227550365
0.0005063835588235293,0.0140578858135647
0.0005063935588235294,0.02865653804769244
0.0005064035588235293,0.01040822275505144
0.0005064135588235294,0.02500687498920739
0.0005064235588235293,0.02135721193067919
0.0005064335588235294,0.02135721193067421
0.0005064435588235293,0.02500687498920241
0.0005064535588235294,0.02500687498921071
0.0005064635588235293,0.01770754887215431
0.0005064735588235293,0.02865653804776215
0.0005064835588235294,0.01405788581353483
0.0005064935588235293,0.006758559696478425
0.0005065035588235294,0.02865653804771402
0.0005065135588235293,0.01405788581360121
0.0005065235588235294,0.02500687498916756
0.0005065335588235293,0.006758559696526556
0.0005065435588235294,0.03230620110630197
0.0005065535588235293,0.02135721193071736
0.0005065635588235294,0.03595586416485672
0.0005065735588235293,0.01405788581368752
0.0005065835588235293,0.0104082227550199
0.0005065935588235294,0.01770754887218419
0.0005066035588235293,0.03230620110629699
0.0005066135588235294,0.01040822275506472
0.0005066235588235293,0.02500687498917752
0.0005066335588235294,0.02135721193065097
0.0005066435588235293,0.01405788581359457
0.0005066535588235294,0.02865653804778704
0.0005066635588235293,0.04325519028189985
0.0005066735588235294,0.01040822275502488
0.0005066835588235294,0.02500687498919909
0.0005066935588235293,0.02135721193067089
0.0005067035588235294,0.04690485334044132
0.0005067135588235293,0.02865653804780032
0.0005067235588235294,0.02500687498919411
0.0005067335588235293,0.01770754887213771
0.0005067435588235294,0.03595586416483348
0.0005067535588235293,0.01770754887219248
0.0005067635588235294,0.01770754887212776
0.0005067735588235293,0.02865653804771236
0.0005067835588235294,0.02135721193066757
0.0005067935588235294,0.003108896638046485
0.0005068035588235293,0.02865653804774389
0.0005068135588235294,0.003108896637998355
0.0005068235588235293,0.02500687498916756
0.0005068335588235294,0.02135721193065761
0.0005068435588235293,0.01770754887212942
0.0005068535588235294,0.01405788581361449
0.0005068635588235293,0.0396055272233119
0.0005068735588235294,0.01770754887211448
0.0005068835588235293,0.01405788581358628
0.0005068935588235293,-0.0005407664206244483
0.0005069035588235294,0.02500687498920075
0.0005069135588235293,0.02135721193067255
0.0005069235588235294,0.01770754887213108
0.0005069335588235293,0.02135721193065927
0.0005069435588235294,0.01770754887212776
0.0005069535588235293,0.02135721193065595
0.0005069635588235294,0.006758559696478425
0.0005069735588235293,0.01405788581353483
0.0005069835588235294,0.03595586416485838
0.0005069935588235294,0.01770754887207797
0.0005070035588235293,0.01040822275502156
0.0005070135588235294,0.01405788581356802
0.0005070235588235293,0.01405788581356802
0.0005070335588235294,0.03230620110621234
0.0005070435588235293,-0.0005407664205414608
0.0005070535588235294,0.02135721193065927
0.0005070635588235293,0.01770754887213108
0.0005070735588235294,0.02135721193066757
0.0005070835588235293,0.02135721193066757
0.0005070935588235294,0.0177075488721178
0.0005071035588235294,0.02135721193064932
0.0005071135588235293,0.01770754887212112
0.0005071235588235294,0.02135721193060782
0.0005071335588235293,0.006758559696495022
0.0005071435588235294,0.01405788581356802
0.0005071535588235293,0.01405788581356802
0.0005071635588235294,-0.0005407664205713383
0.0005071735588235293,0.03230620110618247
0.0005071835588235294,0.006758559696468467
0.0005071935588235293,0.006758559696468467
0.0005072035588235294,0.02135721193066757
0.0005072135588235294,0.01040822275505476
0.0005072235588235293,0.01770754887211116
0.0005072335588235294,0.006758559696495022
0.0005072435588235293,0.01405788581355142
0.0005072535588235294,0.0213572119306377
0.0005072635588235293,0.0104082227550531
0.0005072735588235294,0.0177075488721178
0.0005072835588235293,0.0177075488721178
0.0005072935588235294,0.02500687498921237
0.0005073035588235293,0.01405788581362777
0.0005073135588235293,0.01770754887211614
0.0005073235588235294,0.02135721193066757
0.0005073335588235293,0.02135721193066757
0.0005073435588235294,0.01770754887209124
0.0005073535588235293,0.01040822275503484
0.0005073635588235294,0.02500687498921735
0.0005073735588235293,0.02500687498921735
0.0005073835588235294,0.006758559696478425
0.0005073935588235293,0.01405788581353483
0.0005074035588235294,0.0177075488721178
0.0005074135588235293,0.0177075488721178
0.0005074235588235293,0.03595586416485838
0.0005074335588235294,-0.0005407664205414642
0.0005074435588235293,0.02135721193062774
0.0005074535588235294,0.02500687498918249
0.0005074635588235293,0.01405788581359789
0.0005074735588235294,0.03595586416482519
0.0005074835588235293,0.01770754887218419
0.0005074935588235294,0.01770754887210784
0.0005075035588235293,0.01040822275505476
0.0005075135588235294,0.03230620110631691
0.0005075235588235294,0.0213572119307406
0.0005075335588235293,0.0359558641648534
0.0005075435588235294,0.02500687498924722
0.0005075535588235293,0.03230620110630363
0.0005075635588235294,0.02865653804769742
0.0005075735588235293,0.003108896638000014
0.0005075835588235294,0.02500687498919743
0.0005075935588235293,0.01405788581361283
0.0005076035588235294,0.02135721193066757
0.0005076135588235293,0.02135721193066757
0.0005076235588235293,0.02500687498921735
0.0005076335588235294,0.01405788581356802
0.0005076435588235293,0.01405788581356802
0.0005076535588235294,0.02135721193060118
0.0005076635588235293,0.003108896637960181
0.0005076735588235294,0.02865653804773725
0.0005076835588235293,0.01770754887215265
0.0005076935588235294,0.03230620110630363
0.0005077035588235293,0.02500687498924722
0.0005077135588235294,0.02500687498920905
0.0005077235588235294,0.006758559696428635
0.0005077335588235293,-0.0005407664206277677
0.0005077435588235294,0.01040822275506803
0.0005077535588235293,0.02135721193065263
0.0005077635588235294,0.02500687498920407
0.0005077735588235293,0.02135721193067587
0.0005077835588235294,0.0177075488721178
0.0005077935588235293,0.0177075488721178
0.0005078035588235294,0.01770754887211282
0.0005078135588235293,0.01405788581358462
0.0005078235588235294,0.006758559696475106
0.0005078335588235294,0.02135721193078707
0.0005078435588235293,0.04325519028194632
0.0005078535588235294,0.006758559696528215
0.0005078635588235293,0.02135721193064102
0.0005078735588235294,0.01405788581359125
0.0005078835588235293,0.02135721193064766
0.0005078935588235294,0.006758559696476765
0.0005079035588235293,0.01040822275500497
0.0005079135588235294,0.02500687498921071
0.0005079235588235293,0.01770754887215431
0.0005079335588235294,0.02135721193066757
0.0005079435588235294,-0.0005407664204485224
0.0005079535588235293,0.03595586416483348
0.0005079635588235294,0.02865653804776713
0.0005079735588235293,0.02865653804776713
0.0005079835588235294,0.0140578858135481
0.0005079935588235293,0.006758559696491703
0.0005080035588235294,0.02865653804772729
0.0005080135588235293,0.00675855969655809
0.0005080235588235294,0.02865653804776713
0.0005080335588235293,0.02865653804776713
0.0005080435588235293,0.02500687498921735
0.0005080535588235294,0.02500687498923395
0.0005080635588235293,0.02865653804776215
0.0005080735588235294,0.01770754887213108
0.0005080835588235293,0.02135721193065927
0.0005080935588235294,0.02865653804774721
0.0005081035588235293,0.02135721193069081
0.0005081135588235294,0.01770754887211282
0.0005081235588235293,0.01405788581358462
0.0005081335588235294,0.01770754887211946
0.0005081435588235293,0.02135721193064766
0.0005081535588235293,0.02135721193066757
0.0005081635588235294,0.02500687498920075
0.0005081735588235293,0.02135721193067255
0.0005081835588235294,0.02865653804776713
0.0005081935588235293,0.02865653804776713
0.0005082035588235294,0.02500687498918416
0.0005082135588235293,0.01040822275507135
0.0005082235588235294,0.01770754887211282
0.0005082335588235293,0.01405788581358462
0.0005082435588235294,0.01770754887212112
0.0005082535588235294,0.02500687498919909
0.0005082635588235293,0.02135721193067089
0.0005082735588235294,0.02135721193065264
0.0005082835588235293,0.01770754887212444
0.0005082935588235294,0.02500687498912441
0.0005083035588235293,-0.004190429479101199
0.0005083135588235294,0.006758559696509959
0.0005083235588235293,0.02500687498914266
0.0005083335588235294,0.02500687498921403
0.0005083435588235293,0.02135721193068583
0.0005083535588235294,0.01040822275501824
0.0005083635588235294,0.02135721193059455
0.0005083735588235293,0.006758559696481745
0.0005083835588235294,0.02135721193062774
0.0005083935588235293,0.01040822275504314
0.0005084035588235294,0.02865653804774721
0.0005084135588235293,0.02135721193069081
0.0005084235588235294,0.02135721193066757
0.0005084335588235293,0.02135721193066757
0.0005084435588235294,0.01770754887210452
0.0005084535588235293,0.003108896637991715
0.0005084635588235293,0.02500687498920739
0.0005084735588235294,0.02135721193070076
0.0005084835588235293,0.02865653804775717
0.0005084935588235294,0.03230620110627708
0.0005085035588235293,0.02135721193069247
0.0005085135588235294,0.003108896637948564
0.0005085235588235293,0.01405788581353317
0.0005085335588235294,0.00310889663791869
0.0005085435588235293,0.00310889663791869
0.0005085535588235294,0.01405788581356304
0.0005085635588235294,0.003108896637998355
0.0005085735588235293,0.01770754887211116
0.0005085835588235294,-0.0005407664206144899
0.0005085935588235293,0.003108896637913711
0.0005086035588235294,0.003108896637976778
0.0005086135588235293,0.02135721193061778
0.0005086235588235294,0.01040822275502654
0.0005086335588235293,0.01405788581355474
0.0005086435588235294,0.01405788581358296
0.0005086535588235293,0.02500687498916756
0.0005086635588235294,0.02500687498921735
0.0005086735588235294,0.02500687498919909
0.0005086835588235293,0.02135721193067089
0.0005086935588235294,0.01770754887208792
0.0005087035588235293,0.01040822275503152
0.0005087135588235294,0.02135721193065595
0.0005087235588235293,0.01770754887212776
0.0005087335588235294,0.02865653804774721
0.0005087435588235293,0.01770754887216261
0.0005087535588235294,0.006758559696475106
0.0005087635588235293,0.01405788581353151
0.0005087735588235294,0.02865653804776713
0.0005087835588235294,0.02135721193066757
0.0005087935588235293,0.02135721193066757
0.0005088035588235294,0.01405788581360785
0.0005088135588235293,0.02500687498919246
0.0005088235588235294,0.01770754887206801
0.0005088335588235293,-0.0005407664205729981
0.0005088435588235294,0.02500687498920407
0.0005088535588235293,0.01770754887214767
0.0005088635588235294,0.0177075488721012
0.0005088735588235293,-0.000540766420531507
0.0005088835588235293,0.0177075488721095
0.0005088935588235294,-0.0005407664205646996
0.0005089035588235293,0.0140578858135481
0.0005089135588235294,0.02865653804768746
0.0005089235588235293,0.006758559696518257
0.0005089335588235294,0.01040822275503484
0.0005089435588235293,0.01770754887209124
0.0005089535588235294,0.02135721193061778
0.0005089635588235293,-0.01513941865466423
0.0005089735588235294,0.003108896637922009
0.0005089835588235293,0.01040822275497841
0.0005089935588235293,0.01770754887211448
0.0005090035588235294,0.006758559696438592
0.0005090135588235293,-0.0005407664206178095
0.0005090235588235294,0.01405788581349831
0.0005090335588235293,-0.007840092537670892
0.0005090435588235294,0.01040822275505144
0.0005090535588235293,0.02500687498916424
0.0005090635588235294,-0.004190429479155968
0.0005090735588235293,0.01405788581348504
0.0005090835588235294,0.02135721193066757
0.0005090935588235294,0.0213572119306128
0.0005091035588235293,0.0104082227550282
0.0005091135588235294,0.01405788581352321
0.0005091235588235293,0.003108896637938606
0.0005091335588235294,0.01770754887212942
0.0005091435588235293,0.02135721193065595
0.0005091535588235294,0.01040822275500497
0.0005091635588235293,0.003108896637948565
0.0005091735588235294,0.02500687498918084
0.0005091835588235293,-0.01513941865462937
0.0005091935588235293,0.006758559696468467
0.0005092035588235294,0.01405788581358462
0.0005092135588235293,0.01770754887211282
0.0005092235588235294,0.003108896637958522
0.0005092335588235293,0.01405788581354312
0.0005092435588235294,0.01405788581355806
0.0005092535588235293,0.01040822275502986
0.0005092635588235294,0.02500687498917752
0.0005092735588235293,0.003108896638008313
0.0005092835588235294,0.02135721193066259
0.0005092935588235294,0.01040822275505808
0.0005093035588235293,0.01770754887211448
0.0005093135588235294,0.01770754887208461
0.0005093235588235293,0.0104082227550282
0.0005093335588235294,0.01770754887215763
0.0005093435588235293,0.02865653804774223
0.0005093535588235294,0.0177075488721178
0.0005093635588235293,0.0177075488721178
0.0005093735588235294,0.02865653804774223
0.0005093835588235293,0.01040822275510123
0.0005093935588235294,0.01040822275502322
0.0005094035588235294,0.02135721193058791
0.0005094135588235293,0.006758559696475106
0.0005094235588235294,0.01040822275507799
0.0005094335588235293,0.02500687498919079
0.0005094435588235294,0.02135721193063272
0.0005094535588235293,0.01040822275504812
0.0005094635588235294,0.02135721193064267
0.0005094735588235293,0.01040822275505808
0.0005094835588235294,-0.0005407664206178093
0.0005094935588235293,0.01405788581349499
0.0005095035588235294,0.006758559696468467
0.0005095135588235294,0.02135721193057629
0.0005095235588235293,0.003108896637935288
0.0005095335588235294,0.01040822275515268
0.0005095435588235293,0.04325519028190648
0.0005095535588235294,0.0177075488721178
0.0005095635588235293,0.0177075488721178
0.0005095735588235294,0.01770754887209788
0.0005095835588235293,0.006758559696513278
0.0005095935588235294,0.00675855969645187
0.0005096035588235293,-0.01148975559618913
0.0005096135588235293,0.0177075488721178
0.0005096235588235294,0.006758559696518257
0.0005096335588235293,0.01770754887210286
0.0005096435588235294,-0.0005407664205381448
0.0005096535588235293,0.02500687498915926
0.0005096635588235294,0.01405788581353815
0.0005096735588235293,0.003108896637953542
0.0005096835588235294,0.003108896637965161
0.0005096935588235293,0.02865653804765095
0.0005097035588235294,0.01770754887212112
0.0005097135588235293,0.02500687498917752
0.0005097235588235293,0.014057885813573
0.0005097335588235294,-0.0005407664205978931
0.0005097435588235293,0.00675855969645851
0.0005097535588235294,0.01405788581353317
0.0005097635588235293,0.003108896637948564
0.0005097735588235294,0.02865653804770074
0.0005097835588235293,-0.0005407664205248665
0.0005097935588235294,0.006758559696473446
0.0005098035588235293,0.01040822275500165
0.0005098135588235294,0.02500687498921569
0.0005098235588235294,0.02135721193068583
0.0005098335588235293,0.02500687498921403
0.0005098435588235294,0.02500687498918747
0.0005098535588235293,0.01770754887213108
0.0005098635588235294,0.01770754887208294
0.0005098735588235293,0.006758559696498341
0.0005098835588235294,0.02135721193060118
0.0005098935588235293,-0.007840092537624417
0.0005099035588235294,0.02500687498921071
0.0005099135588235293,0.01770754887215431
0.0005099235588235294,0.006758559696468467
0.0005099335588235294,0.03595586416473889
0.0005099435588235293,0.01040822275504148
0.0005099535588235294,0.01040822275501824
0.0005099635588235293,0.01040822275501824
0.0005099735588235294,0.01405788581358794
0.0005099835588235293,0.02135721193064434
0.0005099935588235294,0.0140578858135813
0.0005100035588235293,0.0213572119306377
0.0005100135588235294,0.01770754887210784
0.0005100235588235293,0.006758559696523236
0.0005100335588235293,0.0140578858135647
0.0005100435588235294,0.02135721193065097
0.0005100535588235293,0.01770754887212278
0.0005100635588235294,0.01405788581352819
0.0005100735588235293,0.003108896637943585
0.0005100835588235294,0.01770754887208792
0.0005100935588235293,0.006758559696503319
0.0005101035588235294,0.01405788581358794
0.0005101135588235293,0.02865653804770074
0.0005101235588235294,0.01040822275502156
0.0005101335588235294,0.01770754887209788
0.0005101435588235293,0.01405788581356968
0.0005101535588235294,0.02865653804770074
0.0005101635588235293,0.01405788581358794
0.0005101735588235294,0.02500687498919411
0.0005101835588235293,0.01770754887213771
0.0005101935588235294,-0.004190429479131073
0.0005102035588235293,0.01770754887203813
0.0005102135588235294,0.006758559696463488
0.0005102235588235293,0.003108896637935287
0.0005102335588235294,0.006758559696468467
0.0005102435588235294,0.02500687498916258
0.0005102535588235293,0.01405788581357798
0.0005102635588235294,0.01770754887213273
0.0005102735588235293,0.02135721193066093
0.0005102835588235294,0.01405788581354478
0.0005102935588235293,0.006758559696488383
0.0005103035588235294,0.01040822275502488
0.0005103135588235293,0.01405788581355308
0.0005103235588235294,0.01040822275503152
0.0005103335588235293,0.02500687498914432
0.0005103435588235294,0.01040822275501824
0.0005103535588235294,0.006758559696578005
0.0005103635588235293,0.02865653804774721
0.0005103735588235294,0.01405788581355474
0.0005103835588235293,0.01040822275502654
0.0005103935588235294,0.01770754887210784
0.0005104035588235293,0.01405788581357964
0.0005104135588235294,0.01405788581357466
0.0005104235588235293,0.01770754887210286
0.0005104335588235294,0.01040822275502488
0.0005104435588235293,0.01770754887208129
0.0005104535588235293,0.01040822275502156
0.0005104635588235294,0.01770754887206801
0.0005104735588235293,0.006758559696483405
0.0005104835588235294,0.0177075488721178
0.0005104935588235293,0.0177075488721178
0.0005105035588235294,0.003108896638008312
0.0005105135588235293,0.03595586416474719
0.0005105235588235294,0.02135721193066259
0.0005105335588235293,0.0177075488721344
0.0005105435588235294,0.01770754887211614
0.0005105535588235293,0.01405788581358794
0.0005105635588235293,0.01770754887211614
0.0005105735588235294,0.01040822275509293
0.0005105835588235293,0.02865653804773393
0.0005105935588235294,0.01040822275501824
0.0005106035588235293,0.01040822275501824
0.0005106135588235294,0.03960552722335007
0.0005106235588235293,0.01040822275512446
0.0005106335588235294,0.01040822275503816
0.0005106435588235293,0.02500687498915096
0.0005106535588235294,0.01405788581356802
0.0005106635588235294,0.003108896638046485
0.0005106735588235293,0.02865653804774389
0.0005106835588235294,0.01405788581359789
0.0005106935588235293,0.02135721193065429
0.0005107035588235294,-0.007840092537707405
0.0005107135588235293,-0.0005407664206510034
0.0005107235588235294,0.02500687498919743
0.0005107335588235293,0.01405788581361283
0.0005107435588235294,0.0177075488721178
0.0005107535588235293,0.0177075488721178
0.0005107635588235294,0.01040822275501824
0.0005107735588235294,0.04325519028183844
0.0005107835588235293,0.01770754887215265
0.0005107935588235294,-0.0005407664205248675
0.0005108035588235293,0.02865653804770074
0.0005108135588235294,0.01040822275505808
0.0005108235588235293,0.02500687498917088
0.0005108335588235294,0.02865653804776713
0.0005108435588235293,0.02865653804776713
0.0005108535588235294,0.03960552722341314
0.0005108635588235294,0.03230620110625716
0.0005108735588235293,0.02135721193067255
0.0005108835588235294,0.0177075488721344
0.0005108935588235293,0.02135721193066259
0.0005109035588235294,0.02865653804775385
0.0005109135588235293,0.02500687498922565
0.0005109235588235294,0.006758559696493362
0.0005109335588235293,0.01770754887207797
0.0005109435588235294,0.014057885813573
0.0005109535588235293,0.0177075488721012
0.0005109635588235294,0.0177075488721178
0.0005109735588235294,0.0177075488721178
0.0005109835588235293,0.0177075488721178
0.0005109935588235294,0.02135721193065264
0.0005110035588235293,0.01770754887212444
0.0005110135588235294,0.02500687498918249
0.0005110235588235293,0.01405788581359789
0.0005110335588235294,0.0177075488721261
0.0005110435588235293,0.02135721193065429
0.0005110535588235294,0.003108896637938606
0.0005110635588235293,0.02500687498910781
0.0005110735588235294,0.02500687498921735
0.0005110835588235294,0.01405788581353151
0.0005110935588235293,0.006758559696475106
0.0005111035588235294,0.01040822275494356
0.0005111135588235293,-0.007840092537697445
0.0005111235588235294,0.006758559696488383
0.0005111335588235293,0.01405788581354478
0.0005111435588235294,0.0177075488721178
0.0005111535588235293,0.0177075488721178
0.0005111635588235294,0.01770754887212444
0.0005111735588235293,0.02500687498918084
0.0005111835588235293,0.00310889663791869
0.0005111935588235294,0.01770754887208461
0.0005112035588235293,0.0104082227550282
0.0005112135588235294,0.01770754887214435
0.0005112235588235293,0.02500687498920075
0.0005112335588235294,0.01770754887212776
0.0005112435588235293,0.02135721193065595
0.0005112535588235294,0.01040822275502488
0.0005112635588235293,0.01405788581355308
0.0005112735588235294,0.01405788581356802
0.0005112835588235293,0.01405788581356802
0.0005112935588235293,0.02500687498921237
0.0005113035588235294,0.01770754887206801
0.0005113135588235293,0.006758559696483405
0.0005113235588235294,0.02135721193065429
0.0005113335588235293,0.01770754887212776
0.0005113435588235294,0.02500687498919245
0.0005113535588235293,0.01405788581360785
0.0005113635588235294,0.006758559696493362
0.0005113735588235293,0.02500687498913437
0.0005113835588235294,0.0140578858135647
0.0005113935588235294,0.006758559696541493
0.0005114035588235293,0.02135721193065429
0.0005114135588235294,0.03230620110624222
0.0005114235588235293,0.01405788581360121
0.0005114335588235294,0.02135721193066757
0.0005114435588235293,0.02135721193066757
0.0005114535588235294,0.01405788581355972
0.0005114635588235293,0.01040822275503152
0.0005114735588235294,0.01405788581357466
0.0005114835588235293,0.02135721193063106
0.0005114935588235294,0.01040822275501824
0.0005115035588235294,0.01040822275509127
0.0005115135588235293,0.02500687498920407
0.0005115235588235294,0.02865653804773725
0.0005115335588235293,0.02135721193068085
0.0005115435588235294,0.02500687498919743
0.0005115535588235293,0.01770754887214103
0.0005115635588235294,0.03230620110629699
0.0005115735588235293,0.02135721193071238
0.0005115835588235294,-0.0005407664206310866
0.0005115935588235293,-0.0005407664206310866
0.0005116035588235293,0.01405788581356138
0.0005116135588235294,0.01770754887205141
0.0005116235588235293,0.003108896637938606
0.0005116335588235294,0.02500687498913768
0.0005116435588235293,0.00310889663796848
0.0005116535588235294,0.01405788581356802
0.0005116635588235293,0.01405788581356802
0.0005116735588235294,0.01405788581356802
0.0005116835588235293,0.01405788581356802
0.0005116935588235294,0.02135721193066259
0.0005117035588235294,0.01040822275507799
0.0005117135588235293,0.02135721193066259
0.0005117235588235294,0.01040822275501824
0.0005117335588235293,0.01040822275501824
0.0005117435588235294,0.0104082227550531
0.0005117535588235293,0.0213572119306377
0.0005117635588235294,0.01770754887215099
0.0005117735588235293,0.0323062011062638
0.0005117835588235294,0.01040822275503318
0.0005117935588235293,0.02135721193061778
0.0005118035588235294,0.014057885813573
0.0005118135588235294,0.02500687498923561
0.0005118235588235293,0.02865653804776381
0.0005118335588235294,0.02500687498920241
0.0005118435588235293,0.02135721193067421
0.0005118535588235294,0.01040822275506472
0.0005118635588235293,0.02500687498917752
0.0005118735588235294,0.01040822275502488
0.0005118835588235293,0.01405788581355308
0.0005118935588235294,0.02500687498920075
0.0005119035588235293,0.006758559696559748
0.0005119135588235294,0.01040822275501824
0.0005119235588235294,0.03230620110624388
0.0005119335588235293,0.01770754887213108
0.0005119435588235294,0.02865653804776713
0.0005119535588235293,0.02865653804776713
0.0005119635588235294,0.02500687498921735
0.0005119735588235293,0.02500687498921735
0.0005119835588235294,0.006758559696481745
0.0005119935588235293,0.01405788581353815
0.0005120035588235294,0.0177075488721344
0.0005120135588235293,0.0359558641647754
0.0005120235588235293,0.0177075488721261
0.0005120335588235294,0.003108896638001674
0.0005120435588235293,0.02135721193064267
0.0005120535588235294,0.01405788581351491
0.0005120635588235293,-0.0005407664205978931
0.0005120735588235294,0.02135721193066757
0.0005120835588235293,0.02135721193066757
0.0005120935588235294,0.02500687498920739
0.0005121035588235293,0.01770754887215099
0.0005121135588235294,0.03595586416485174
0.0005121235588235293,0.003108896638097935
0.0005121335588235293,0.00310889663791869
0.0005121435588235294,0.02500687498923395
0.0005121535588235293,0.02865653804776049
0.0005121635588235294,0.03960552722335837
0.0005121735588235293,0.02135721193071736
0.0005121835588235294,0.006758559696526556
0.0005121935588235293,0.03230620110622397
0.0005122035588235294,0.0359558641648617
0.0005122135588235293,0.0323062011063335
0.0005122235588235294,0.02500687498921735
0.0005122335588235294,0.01405788581362279
0.0005122435588235293,0.02500687498920739
0.0005122535588235294,0.01770754887208792
0.0005122635588235293,0.01040822275503152
0.0005122735588235294,0.03595586416480859
0.0005122835588235293,0.01770754887216759
0.0005122935588235294,0.01770754887211116
0.0005123035588235293,0.01405788581358296
0.0005123135588235294,0.01405788581356802
0.0005123235588235293,0.01405788581356802
0.0005123335588235294,0.01040822275501824
0.0005123435588235294,0.02135721193068583
0.0005123535588235293,0.02500687498921403
0.0005123635588235294,0.006758559696534854
0.0005123735588235293,0.02500687498917586
0.0005123835588235294,0.01770754887215763
0.0005123935588235293,0.03230620110627044
0.0005124035588235294,0.02135721193068085
0.0005124135588235293,0.02865653804773725
0.0005124235588235294,0.006758559696478425
0.0005124335588235294,0.02865653804774721
0.0005124435588235293,0.02500687498921901
0.0005124535588235294,0.0177075488721344
0.0005124635588235293,0.02135721193066259
0.0005124735588235294,0.01405788581354146
0.0005124835588235293,0.006758559696485064
0.0005124935588235294,0.02135721193065097
0.0005125035588235293,0.01405788581359457
0.0005125135588235294,0.02865653804773227
0.0005125235588235293,0.003108896638034868
0.0005125335588235294,0.02865653804775883
0.0005125435588235294,0.01040822275507799
0.0005125535588235293,0.02135721193066259
0.0005125635588235294,0.01040822275504812
0.0005125735588235293,0.01770754887210452
0.0005125835588235294,0.006758559696480084
0.0005125935588235293,0.01040822275500829
0.0005126035588235294,0.02135721193065097
0.0005126135588235293,0.01405788581359457
0.0005126235588235294,0.01040822275503318
0.0005126335588235293,0.0213572119306128
0.0005126435588235294,0.0177075488721178
0.0005126535588235294,0.01405788581362279
0.0005126635588235293,0.02500687498920739
0.0005126735588235294,0.01040822275501824
0.0005126835588235293,0.01040822275501824
0.0005126935588235294,0.006758559696508299
0.0005127035588235293,0.0213572119306211
0.0005127135588235294,0.00310889663791869
0.0005127235588235293,0.00310889663791869
0.0005127335588235294,0.01040822275502488
0.0005127435588235293,0.01770754887208129
0.0005127535588235293,0.01040822275501824
0.0005127635588235294,0.01770754887206801
0.0005127735588235293,0.006758559696483405
0.0005127835588235294,0.02865653804768746
0.0005127935588235293,0.006758559696518257
0.0005128035588235294,0.02500687498918747
0.0005128135588235293,0.01405788581360287
0.0005128235588235294,0.0177075488721178
0.0005128335588235293,0.0177075488721178
0.0005128435588235294,0.01770754887211116
0.0005128535588235293,0.003108896637998354
0.0005128635588235293,0.01770754887211116
0.0005128735588235294,0.01040822275508463
0.0005128835588235293,0.02500687498919743
0.0005128935588235294,0.01770754887217091
0.0005129035588235293,0.03230620110628371
0.0005129135588235294,0.01040822275505144
0.0005129235588235293,0.02500687498916424
0.0005129335588235294,0.01770754887211282
0.0005129435588235293,0.01405788581358462
0.0005129535588235294,0.01405788581356968
0.0005129635588235294,0.01770754887215763
0.0005129735588235293,0.02500687498921071
0.0005129835588235294,0.01770754887204311
0.0005129935588235293,-0.0005407664205978949
0.0005130035588235294,0.01405788581352155
0.0005130135588235293,-0.0005407664205912543
0.0005130235588235294,0.006758559696476765
0.0005130335588235293,0.01040822275500497
0.0005130435588235294,0.03230620110629367
0.0005130535588235293,0.006758559696596261
0.0005130635588235294,0.006758559696468467
0.0005130735588235294,0.02500687498908956
0.0005130835588235293,-0.0005407664206078522
0.0005130935588235294,0.006758559696543152
0.0005131035588235293,0.02500687498918416
0.0005131135588235294,-0.004190429479160947
0.0005131235588235293,0.003108896637895454
0.0005131335588235294,0.02500687498919743
0.0005131435588235293,0.01405788581361283
0.0005131535588235294,0.01770754887209788
0.0005131635588235293,-0.004190429479071327
0.0005131735588235293,0.02865653804776713
0.0005131835588235294,0.006758559696485064
0.0005131935588235293,0.01040822275501327
0.0005132035588235294,-0.0005407664205646996
0.0005132135588235293,0.01770754887207631
0.0005132235588235294,0.01040822275500829
0.0005132335588235293,0.006758559696480084
0.0005132435588235294,0.02135721193065761
0.0005132535588235293,0.01405788581360121
0.0005132635588235294,0.01040822275501824
0.0005132735588235294,0.01040822275495849
0.0005132835588235293,-0.0005407664206261084
0.0005132935588235294,0.02135721193056799
0.0005133035588235293,-0.0005407664206012117
0.0005133135588235294,0.02500687498918249
0.0005133235588235293,0.01405788581359789
0.0005133335588235294,0.006758559696485064
0.0005133435588235293,0.01405788581354146
0.0005133535588235294,-0.01148975559624058
0.0005133635588235293,0.01770754887198503
0.0005133735588235294,0.006758559696470126
0.0005133835588235294,0.01040822275499999
0.0005133935588235293,0.006758559696471786
0.0005134035588235294,0.01405788581362777
0.0005134135588235293,0.02865653804774057
0.0005134235588235294,0.01040822275504148
0.0005134335588235293,0.01770754887209788
0.0005134435588235294,0.003108896637926988
0.0005134535588235293,0.006758559696453529
0.0005134635588235294,0.01040822275501493
0.0005134735588235293,0.006758559696486723
0.0005134835588235294,0.01040822275501824
0.0005134935588235294,0.02135721193057629
0.0005135035588235293,0.003108896637935288
0.0005135135588235294,0.01040822275503152
0.0005135235588235293,0.01405788581355972
0.0005135335588235294,0.02135721193058791
0.0005135435588235293,-0.007840092537637695
0.0005135535588235294,0.003108896637938606
0.0005135635588235293,0.01405788581352321
0.0005135735588235294,0.02500687498919079
0.0005135835588235293,-0.004190429479021537
0.0005135935588235293,0.006758559696468467
0.0005136035588235294,0.003108896638001674
0.0005136135588235293,0.02135721193064267
0.0005136235588235294,0.01770754887207797
0.0005136335588235293,0.006758559696493362
0.0005136435588235294,-0.01878908171333018
0.0005136535588235293,-0.0005407664206974749
0.0005136635588235294,0.01770754887211116
0.0005136735588235293,0.01405788581358462
0.0005136835588235294,0.0177075488721095
0.0005136935588235293,-0.000540766420531507
0.0005137035588235293,0.006758559696465148
0.0005137135588235294,-0.004190429479131073
0.0005137235588235293,0.006758559696448552
0.0005137335588235294,0.02500687498917752
0.0005137435588235293,0.01405788581359789
0.0005137535588235294,0.003108896637935287
0.0005137635588235293,0.01040822275499169
0.0005137735588235294,0.02135721193068085
0.0005137835588235293,0.0359558641648003
0.0005137935588235294,0.00310889663791869
0.0005138035588235294,0.006758559696486723
0.0005138135588235293,0.01040822275501492
0.0005138235588235294,0.00310889663791869
0.0005138335588235293,0.00310889663791869
0.0005138435588235294,0.01770754887209788
0.0005138535588235293,0.01040822275503816
0.0005138635588235294,0.00310889663791869
0.0005138735588235293,0.00310889663791869
0.0005138835588235294,0.01405788581356138
0.0005138935588235293,0.006758559696504979
0.0005139035588235294,-0.0005407664206310866
0.0005139135588235294,-0.004190429479131073
0.0005139235588235293,0.006758559696458511
0.0005139335588235294,0.01040822275499169
0.0005139435588235293,0.003108896637931968
0.0005139535588235294,0.006758559696478425
0.0005139635588235293,0.01040822275500663
0.0005139735588235294,-0.004190429479141031
0.0005139835588235293,0.01770754887201822
0.0005139935588235294,0.006758559696455189
0.0005140035588235293,-0.007840092537650976
0.0005140135588235293,0.003108896637913711
0.0005140235588235294,0.01405788581350163
0.0005140335588235293,-0.0005407664206111707
0.0005140435588235294,-0.0005407664206709188
0.0005140535588235293,-0.01148975559625054
0.0005140635588235294,-0.0005407664206111705
0.0005140735588235293,0.006758559696441912
0.0005140835588235294,0.01770754887212278
0.0005140935588235293,0.02135721193065097
0.0005141035588235294,0.00310889663791869
0.0005141135588235294,0.003108896637958522
0.0005141235588235293,0.01040822275501161
0.0005141335588235294,-0.007840092537647655
0.0005141435588235293,0.01040822275498505
0.0005141535588235294,0.0213572119306211
0.0005141635588235293,0.0067585596965083
0.0005141735588235294,-0.0005407664206310866
0.0005141835588235293,-0.0005407664206310866
0.0005141935588235294,0.02135721193065429
0.0005142035588235293,0.006758559696534853
0.0005142135588235294,0.00310889663791869
0.0005142235588235294,0.01405788581364104
0.0005142335588235293,0.02865653804775385
0.0005142435588235294,0.003108896637888816
0.0005142535588235293,-0.004190429479167586
0.0005142635588235294,0.0104082227550282
0.0005142735588235293,0.01405788581355806
0.0005142835588235294,0.01405788581352155
0.0005142935588235293,-0.01148975559617586
0.0005143035588235294,0.003108896637928648
0.0005143135588235293,0.01405788581351325
0.0005143235588235293,-0.0005407664206310866
0.0005143335588235294,0.00310889663791869
0.0005143435588235293,0.00310889663791869
0.0005143535588235294,-0.007840092537664253
0.0005143635588235293,0.01040822275497675
0.0005143735588235294,-0.0151394186547804
0.0005143835588235293,0.003108896637860601
0.0005143935588235294,0.006758559696475106
0.0005144035588235293,0.01040822275500165
0.0005144135588235294,0.01040822275501824
0.0005144235588235293,0.01040822275501824
0.0005144335588235293,0.02135721193066259
0.0005144435588235294,-0.0005407664205812964
0.0005144535588235293,0.01040822275500331
0.0005144635588235294,0.01040822275507135
0.0005144735588235293,0.02500687498917752
0.0005144835588235294,-0.004190429479131073
0.0005144935588235293,0.01405788581350163
0.0005145035588235294,0.01040822275500829
0.0005145135588235293,0.003108896637951883
0.0005145235588235294,0.01405788581356636
0.0005145335588235293,0.01040822275503816
0.0005145435588235293,0.006758559696471786
0.0005145535588235294,0.02500687498911777
0.0005145635588235293,0.003108896637958523
0.0005145735588235294,-0.0005407664206194689
0.0005145835588235293,0.003108896637908732
0.0005145935588235294,-0.0005407664206642801
0.0005146035588235293,-0.01878908171331358
0.0005146135588235294,0.006758559696458509
0.0005146235588235293,-0.004190429479131074
0.0005146335588235294,0.01040822275501824
0.0005146435588235294,-0.0078400925376211
0.0005146535588235293,0.0140578858135481
0.0005146635588235294,-0.0005407664206178093
0.0005146735588235293,0.003108896637912051
0.0005146835588235294,0.006758559696488383
0.0005146935588235293,0.0140578858135481
0.0005147035588235294,0.01770754887210452
0.0005147135588235293,0.01040822275504812
0.0005147235588235294,0.01040822275501161
0.0005147335588235293,0.003108896637955202
0.0005147435588235293,0.00310889663791869
0.0005147535588235294,0.01770754887200162
0.0005147635588235293,-0.007840092537707403
0.0005147735588235294,0.006758559696468467
0.0005147835588235293,0.006758559696468467
0.0005147935588235294,-0.01148975559625054
0.0005148035588235293,-0.0005407664206709198
0.0005148135588235294,0.01040822275497177
0.0005148235588235293,-0.01513941865471401
0.0005148335588235294,-0.007840092537728979
0.0005148435588235294,-0.004190429479101199
0.0005148535588235293,0.01040822275501161
0.0005148635588235294,-0.0005407664206310866
0.0005148735588235293,-0.0005407664206310866
0.0005148835588235294,0.01040822275500497
0.0005148935588235293,0.006758559696478425
0.0005149035588235294,-0.004190429479172565
0.0005149135588235293,-0.0005407664206443642
0.0005149235588235294,0.0104082227550282
0.0005149335588235293,0.01770754887208461
0.0005149435588235294,0.01040822275501824
0.0005149535588235294,0.006758559696448551
0.0005149635588235293,0.003108896637922009
0.0005149735588235294,0.006758559696423656
0.0005149835588235293,-0.004190429479160948
0.0005149935588235294,0.003108896637941925
0.0005150035588235293,0.01040822275499833
0.0005150135588235294,-0.004190429479194141
0.0005150235588235293,-0.01148975559625386
0.0005150335588235294,-0.004190429479164266
0.0005150435588235293,0.01405788581348504
0.0005150535588235294,-0.0005407664206310866
0.0005150635588235294,0.003108896637900434
0.0005150735588235293,-0.0005407664206277672
0.0005150835588235294,-0.0005407664205779771
0.0005150935588235293,0.01405788581354146
0.0005151035588235294,0.003108896637938606
0.0005151135588235293,0.01040822275499501
0.0005151235588235294,0.01770754887209788
0.0005151335588235293,0.006758559696513278
0.0005151435588235294,0.01405788581355474
0.0005151535588235293,-0.0005407664205514234
0.0005151635588235293,0.01040822275501824
0.0005151735588235294,0.00675855969645187
0.0005151835588235293,0.003108896637923669
0.0005151935588235294,-0.0005407664206576415
0.0005152035588235293,-0.007840092537714042
0.0005152135588235294,0.01405788581352819
0.0005152235588235293,-0.0005407664205779768
0.0005152335588235294,0.01040822275499169
0.0005152435588235293,-0.004190429479114478
0.0005152535588235294,0.0140578858135647
0.0005152635588235293,0.006758559696508299
0.0005152735588235293,-0.0005407664206277677
0.0005152835588235294,0.01040822275500165
0.0005152935588235293,0.006758559696475106
0.0005153035588235294,0.01405788581352819
0.0005153135588235293,0.003108896637948564
0.0005153235588235294,0.0177075488720929
0.0005153335588235293,0.0067585596965083
0.0005153435588235294,0.01040822275501824
0.0005153535588235293,0.01040822275501824
0.0005153635588235294,0.00310889663791869
0.0005153735588235294,0.01040822275497841
0.0005153835588235293,0.003108896637925329
0.0005153935588235294,-0.0005407664206012125
0.0005154035588235293,0.006758559696455189
0.0005154135588235294,0.003108896637948564
0.0005154235588235293,0.01405788581353815
0.0005154335588235294,0.0104082227550448
0.0005154435588235293,0.02500687498916424
0.0005154535588235294,0.006758559696468467
0.0005154635588235293,0.006758559696468467
0.0005154735588235294,0.02135721193066757
0.0005154835588235294,0.00675855969645187
0.0005154935588235293,0.003108896637922009
0.0005155035588235294,0.03230620110621069
0.0005155135588235293,0.0031088966379718
0.0005155235588235294,0.0104082227550282
0.0005155335588235293,0.0140578858135564
0.0005155435588235294,0.01770754887210452
0.0005155535588235293,0.01040822275504812
0.0005155635588235294,0.02135721193066757
0.0005155735588235293,0.02135721193066757
0.0005155835588235293,-0.007840092537730639
0.0005155935588235294,0.0177075488721178
0.0005156035588235293,0.0177075488721178
0.0005156135588235294,0.006758559696455189
0.0005156235588235293,0.003108896637928648
0.0005156335588235294,-0.0005407664206410447
0.0005156435588235293,-0.004190429479167586
0.0005156535588235294,-0.0005407664206161496
0.0005156635588235293,0.01040822275496845
0.0005156735588235294,0.02135721193067089
0.0005156835588235294,0.02865653804774721
0.0005156935588235293,0.02500687498922067
0.0005157035588235294,0.0177075488721344
0.0005157135588235293,0.02135721193066093
0.0005157235588235294,0.02500687498921735
0.0005157335588235293,0.02500687498921735
0.0005157435588235294,0.006758559696476765
0.0005157535588235293,0.01040822275500497
0.0005157635588235294,0.02865653804774721
0.0005157735588235293,0.006758559696568047
0.0005157835588235294,0.01405788581356802
0.0005157935588235294,0.02135721193064932
0.0005158035588235293,0.01770754887212112
0.0005158135588235294,0.02500687498920241
0.0005158235588235293,0.02135721193067421
0.0005158335588235294,0.01770754887210784
0.0005158435588235293,0.01405788581357798
0.0005158535588235294,-0.004190429479121115
0.0005158635588235293,0.02865653804764763
0.0005158735588235294,0.01770754887211448
0.0005158835588235293,0.01405788581358628
0.0005158935588235294,0.01405788581356802
0.0005159035588235294,0.0359558641647671
0.0005159135588235293,0.01405788581358793
0.0005159235588235294,0.006758559696521576
0.0005159335588235293,0.02135721193063438
0.0005159435588235294,0.01040822275500829
0.0005159535588235293,0.006758559696480084
0.0005159635588235294,0.01040822275501824
0.0005159735588235293,0.01040822275501824
0.0005159835588235294,0.02500687498919411
0.0005159935588235293,-0.0005407664204916743
0.0005160035588235293,0.0177075488721095
0.0005160135588235294,0.01040822275505144
0.0005160235588235293,0.01770754887210784
0.0005160335588235294,-0.0005407664205779771
0.0005160435588235293,0.01405788581352819
0.0005160535588235294,0.01040822275506803
0.0005160635588235293,0.02865653804770074
0.0005160735588235294,0.01770754887208294
0.0005160835588235293,-0.00784009253761446
0.0005160935588235294,0.01770754887211946
0.0005161035588235293,0.02135721193064766
0.0005161135588235293,-0.0005407664206111724
0.0005161235588235294,0.01405788581358462
0.0005161335588235293,0.01770754887211116
0.0005161435588235294,0.01040822275498339
0.0005161535588235293,-0.0005407664206012134
0.0005161635588235294,0.01040822275503484
0.0005161735588235293,0.01770754887209124
0.0005161835588235294,0.006758559696471786
0.0005161935588235293,0.01040822275500165
0.0005162035588235294,0.01040822275501824
0.0005162135588235294,0.02135721193063106
0.0005162235588235293,0.01405788581357466
0.0005162335588235294,0.0104082227550448
0.0005162435588235293,0.01770754887210452
0.0005162535588235294,0.02500687498921735
0.0005162635588235293,0.02500687498921735
0.0005162735588235294,0.006758559696475106
0.0005162835588235293,0.01040822275500331
0.0005162935588235294,0.01770754887211116
0.0005163035588235293,0.01040822275505476
0.0005163135588235293,0.01040822275501824
0.0005163235588235294,0.01770754887206801
0.0005163335588235293,0.006758559696478424
0.0005163435588235294,0.01040822275508463
0.0005163535588235293,0.02865653804772563
0.0005163635588235294,0.00310889663791869
0.0005163735588235293,0.00310889663791869
0.0005163835588235294,0.01040822275501161
0.0005163935588235293,0.006758559696485063
0.0005164035588235294,0.02500687498920075
0.0005164135588235294,0.00675855969660788
0.0005164235588235293,0.03230620110630529
0.0005164335588235294,0.01040822275498505
0.0005164435588235293,0.003108896637931968
0.0005164535588235294,0.02500687498920407
0.0005164635588235293,0.02135721193067753
0.0005164735588235294,0.02865653804774223
0.0005164835588235293,0.01770754887215763
0.0005164935588235294,0.003108896637928648
0.0005165035588235293,0.01040822275498505
0.0005165135588235294,0.00310889663791869
0.0005165235588235294,0.03230620110623724
0.0005165335588235293,0.01770754887213108
0.0005165435588235294,0.006758559696498342
0.0005165535588235293,0.01405788581355474
0.0005165635588235294,0.01770754887209456
0.0005165735588235293,0.01040822275503816
0.0005165835588235294,0.02135721193062774
0.0005165935588235293,-0.0005407664205514216
0.0005166035588235294,0.01405788581357134
0.0005166135588235293,0.0177075488721012
0.0005166235588235294,0.03230620110631691
0.0005166335588235294,0.006758559696468467
0.0005166435588235293,0.006758559696468467
0.0005166535588235294,0.01770754887209124
0.0005166635588235293,0.01040822275503152
0.0005166735588235294,0.01770754887210784
0.0005166835588235293,0.01405788581357798
0.0005166935588235294,0.01405788581356138
0.0005167035588235293,0.01040822275503318
0.0005167135588235294,0.006758559696471786
0.0005167235588235293,0.01040822275499833
0.0005167335588235293,0.0177075488721178
0.0005167435588235294,0.01040822275503484
0.0005167535588235293,0.01405788581356304
0.0005167635588235294,0.02135721193061446
0.0005167735588235293,0.006758559696501661
0.0005167835588235294,0.01405788581350827
0.0005167935588235293,-0.007840092537650974
0.0005168035588235294,0.02135721193065429
0.0005168135588235293,0.01405788581360121
0.0005168235588235294,0.02500687498921569
0.0005168335588235293,0.02135721193068749
0.0005168435588235293,0.01040822275502322
0.0005168535588235294,0.00310889663791869
0.0005168635588235293,0.00310889663791869
0.0005168735588235294,0.02500687498925718
0.0005168835588235293,0.03595586416483681
0.0005168935588235294,-0.000540766420572998
0.0005169035588235293,0.02500687498912441
0.0005169135588235294,0.006758559696473446
0.0005169235588235293,0.01040822275500165
0.0005169335588235294,0.01040822275501824
0.0005169435588235294,0.003108896637938606
0.0005169535588235293,0.006758559696465148
0.0005169635588235294,0.006758559696543152
0.0005169735588235293,0.02500687498918416
0.0005169835588235294,0.01040822275502986
0.0005169935588235293,0.01405788581355806
0.0005170035588235294,0.006758559696448551
0.0005170135588235293,-0.004190429479141031
0.0005170235588235294,0.003108896637938606
0.0005170335588235293,0.02500687498910781
0.0005170435588235294,0.01405788581356802
0.0005170535588235294,-0.0005407664205978931
0.0005170635588235293,0.006758559696461828
0.0005170735588235294,0.01405788581352819
0.0005170835588235293,0.003108896637938606
0.0005170935588235294,0.02500687498918747
0.0005171035588235293,0.01405788581360287
0.0005171135588235294,0.003108896637931968
0.0005171235588235293,0.01040822275498837
0.0005171335588235294,0.006758559696458509
0.0005171435588235293,-0.004190429479121115
0.0005171535588235293,0.01040822275501824
0.0005171635588235294,0.006758559696534854
0.0005171735588235293,0.02135721193064766
0.0005171835588235294,-0.01148975559622731
0.0005171935588235293,0.003108896637885496
0.0005172035588235294,0.01405788581355806
0.0005172135588235293,0.01040822275503152
0.0005172235588235294,0.006758559696468467
0.0005172335588235293,0.006758559696468467
0.0005172435588235294,-0.0005407664206360656
0.0005172535588235294,-0.011489755596141
0.0005172635588235293,0.01405788581354478
0.0005172735588235294,0.01770754887205141
0.0005172835588235293,0.003108896637945245
0.0005172935588235294,0.01770754887210618
0.0005173035588235293,0.01405788581357798
0.0005173135588235294,0.02135721193061778
0.0005173235588235293,-0.0005407664205514216
0.0005173335588235294,0.02135721193066093
0.0005173435588235293,0.01405788581360121
0.0005173535588235294,0.01040822275501824
0.0005173635588235294,0.003108896637955203
0.0005173735588235293,0.01040822275501161
0.0005173835588235294,0.02500687498926216
0.0005173935588235293,0.03595586416484677
0.0005174035588235294,0.006758559696498342
0.0005174135588235293,0.01770754887208793
0.0005174235588235294,0.01040822275501161
0.0005174335588235293,0.006758559696481745
0.0005174435588235294,0.01405788581356802
0.0005174535588235293,0.01405788581356802
0.0005174635588235294,0.0177075488721178
0.0005174735588235294,0.02500687498911777
0.0005174835588235293,0.003108896637938605
0.0005174935588235294,0.02135721193061446
0.0005175035588235293,0.006758559696495022
0.0005175135588235294,0.0213572119306377
0.0005175235588235293,0.0104082227550531
0.0005175335588235294,-0.004190429479121115
0.0005175435588235293,0.02865653804761775
0.0005175535588235294,0.003108896637925329
0.0005175635588235293,0.01040822275497841
0.0005175735588235293,0.03595586416485506
0.0005175835588235294,0.003108896637951883
0.0005175935588235293,0.01040822275500829
0.0005176035588235294,0.006758559696455189
0.0005176135588235293,0.003108896637928648
0.0005176235588235294,0.01040822275498837
0.0005176335588235293,-0.0005407664205912543
0.0005176435588235294,0.0213572119314443
0.0005176535588235293,0.5907046490618437
0.0005176635588235294,2.970284963239475
0.0005176735588235293,4.262265685958457
0.0005176835588235293,3.857153086466851
0.0005176935588235294,2.999482267706588
0.0005177035588235293,2.846196419248474
0.0005177135588235294,3.134519800874557
0.0005177235588235293,3.426492845556813
0.0005177335588235294,3.426492845557203
0.0005177435588235293,3.247659355689321
0.0005177535588235294,3.200213735927563
0.0005177635588235293,3.244009692629922
0.0005177735588235294,3.273206997098518
0.0005177835588235294,3.298754638508349
0.0005177935588235293,3.29510497544982
0.0005178035588235294,3.287805649332658
0.0005178135588235293,3.273206997098545
0.0005178235588235294,3.265907670981449
0.0005178335588235293,3.276856660157038
0.0005178435588235294,3.306053964625427
0.0005178535588235293,3.284155986274258
0.0005178635588235294,3.280506323215618
0.0005178735588235293,3.280506323215618
0.0005178835588235293,3.295104975449817
0.0005178935588235294,3.298754638508417
0.0005179035588235293,3.309703627684006
0.0005179135588235294,3.284155986274208
0.0005179235588235293,3.295104975449792
0.0005179335588235294,3.306053964625496
0.0005179435588235293,3.317002953801081
0.0005179535588235294,3.291455312391268
0.0005179635588235293,3.291455312391268
0.0005179735588235294,3.298754638508353
0.0005179835588235294,3.284155986274367
0.0005179935588235293,3.320652616859649
0.0005180035588235294,3.30605396462535
0.0005180135588235293,3.280506323215653
0.0005180235588235294,3.302404301566917
0.0005180335588235293,3.302404301566917
0.0005180435588235294,3.324302279918156
0.0005180535588235293,3.302404301566996
0.0005180635588235294,3.313353290742556
0.0005180735588235293,3.3060539646255
0.0005180835588235294,3.324302279918216
0.0005180935588235294,3.313353290742546
0.0005181035588235293,3.309703627684019
0.0005181135588235294,3.320652616859621
0.0005181235588235293,3.309703627684036
0.0005181335588235294,3.317002953801127
0.0005181435588235293,3.320652616859656
0.0005181535588235294,3.309703627684036
0.0005181635588235293,3.320652616859626
0.0005181735588235294,3.331601606035292
0.0005181835588235293,3.306053964625583
0.0005181935588235294,3.306053964625467
0.0005182035588235294,3.317002953801098
0.0005182135588235293,3.313353290742569
0.0005182235588235294,3.317002953801129
0.0005182335588235293,3.320652616859659
0.0005182435588235294,3.320652616859616
0.0005182535588235293,3.302404301566967
0.0005182635588235294,3.324302279918216
0.0005182735588235293,3.324302279918216
0.0005182835588235294,3.335251269093842
0.0005182935588235293,3.309703627684156
0.0005183035588235293,3.313353290742566
0.0005183135588235294,3.309703627684149
0.0005183235588235293,3.338900932152388
0.0005183335588235294,3.327951942976765
0.0005183435588235293,3.327951942976765
0.0005183535588235294,3.306053964625536
0.0005183635588235293,3.331601606035222
0.0005183735588235294,3.313353290742566
0.0005183835588235293,3.313353290742566
0.0005183935588235294,3.335251269093863
0.0005184035588235293,3.331601606035335
0.0005184135588235293,3.313353290742575
0.0005184235588235294,3.320652616859632
0.0005184335588235293,3.31335329074258
0.0005184435588235294,3.331601606035275
0.0005184535588235293,3.320652616859695
0.0005184635588235294,3.346200258269465
0.0005184735588235293,3.324302279918295
0.0005184835588235294,3.32795194297678
0.0005184935588235293,3.338900932152365
0.0005185035588235294,3.320652616859666
0.0005185135588235294,3.327951942976845
0.0005185235588235293,3.342550595210951
0.0005185335588235294,3.32065261685971
0.0005185435588235293,3.331601606035295
0.0005185535588235294,3.324302279918297
0.0005185635588235293,3.349849921327994
0.0005185735588235294,3.342550595210924
0.0005185835588235293,3.320652616859745
0.0005185935588235294,3.342550595210941
0.0005186035588235293,3.317002953801244
0.0005186135588235294,3.327951942976765
0.0005186235588235294,3.320652616859738
0.0005186335588235293,3.335251269093852
0.0005186435588235294,3.346200258269421
0.0005186535588235293,3.320652616859712
0.0005186635588235294,3.331601606035305
0.0005186735588235293,3.327951942976777
0.0005186835588235294,3.338900932152381
0.0005186935588235293,3.32065261685974
0.0005187035588235294,3.346200258269505
0.0005187135588235293,3.335251269093925
0.0005187235588235293,3.338900932152415
0.0005187335588235294,3.320652616859715
0.0005187435588235293,3.3316016060353
0.0005187535588235294,3.338900932152388
0.0005187635588235293,3.331601606035331
0.0005187735588235294,3.313353290742596
0.0005187835588235293,3.324302279918176
0.0005187935588235294,3.342550595210964
0.0005188035588235293,3.342550595210964
0.0005188135588235294,3.327951942976772
0.0005188235588235294,3.342550595210885
0.0005188335588235293,3.327951942976772
0.0005188435588235294,3.317002953801132
0.0005188535588235293,3.320652616859659
0.0005188635588235294,3.342550595210924
0.0005188735588235293,3.331601606035345
0.0005188835588235294,3.338900932152415
0.0005188935588235293,3.338900932152415
0.0005189035588235294,3.331601606035322
0.0005189135588235293,3.338900932152381
0.0005189235588235294,3.327951942976765
0.0005189335588235294,3.32795194297682
0.0005189435588235293,3.338900932152405
0.0005189535588235294,3.33890093215237
0.0005189635588235293,3.327951942976785
0.0005189735588235294,3.335251269093845
0.0005189835588235293,3.327951942976785
0.0005189935588235294,3.338900932152395
0.0005190035588235293,3.327951942976805
0.0005190135588235294,3.317002953801143
0.0005190235588235293,3.346200258269368
0.0005190335588235294,3.338900932152415
0.0005190435588235294,3.338900932152315
0.0005190535588235293,3.317002953801136
0.0005190635588235294,3.342550595210951
0.0005190735588235293,3.338900932152421
0.0005190835588235294,3.309703627684056
0.0005190935588235293,3.324302279918169
0.0005191035588235294,3.338900932152415
0.0005191135588235293,3.338900932152415
0.0005191235588235294,3.31335329074258
0.0005191335588235293,3.327951942976686
0.0005191435588235293,3.324302279918217
0.0005191535588235294,3.317002953801149
0.0005191635588235293,3.324302279918206
0.0005191735588235294,3.320652616859745
0.0005191835588235293,3.342550595210904
0.0005191935588235294,3.342550595210954
0.0005192035588235293,3.338900932152428
0.0005192135588235294,3.327951942976755
0.0005192235588235293,3.320652616859699
0.0005192335588235294,3.320652616859669
0.0005192435588235294,3.327951942976825
0.0005192535588235293,3.338900932152405
0.0005192635588235294,3.338900932152398
0.0005192735588235293,3.335251269093872
0.0005192835588235294,3.317002953801174
0.0005192935588235293,3.335251269093815
0.0005193035588235294,3.32795194297679
0.0005193135588235293,3.338900932152375
0.0005193235588235294,3.324302279918216
0.0005193335588235293,3.324302279918216
0.0005193435588235294,3.327951942976765
0.0005193535588235294,3.331601606035333
0.0005193635588235293,3.335251269093862
0.0005193735588235294,3.32430227991826
0.0005193835588235293,3.335251269093845
0.0005193935588235294,3.317002953801106
0.0005194035588235293,3.313353290742576
0.0005194135588235294,3.338900932152421
0.0005194235588235293,3.342550595210949
0.0005194335588235294,3.335251269093862
0.0005194435588235293,3.331601606035333
0.0005194535588235293,3.324302279918216
0.0005194635588235294,3.335251269093799
0.0005194735588235293,3.320652616859679
0.0005194835588235294,3.327951942976739
0.0005194935588235293,3.320652616859682
0.0005195035588235294,3.324302279918186
0.0005195135588235293,3.313353290742601
0.0005195235588235294,3.346200258269501
0.0005195335588235293,3.338900932152448
0.0005195435588235294,3.324302279918216
0.0005195535588235293,3.324302279918216
0.0005195635588235293,3.317002953801119
0.0005195735588235294,3.331601606035282
0.0005195835588235293,3.324302279918225
0.0005195935588235294,3.338900932152322
0.0005196035588235293,3.313353290742636
0.0005196135588235294,3.317002953801186
0.0005196235588235293,3.342550595210871
0.0005196335588235294,3.33160160603527
0.0005196435588235293,3.298754638508516
0.0005196535588235294,3.342550595210953
0.0005196635588235294,3.317002953801116
0.0005196735588235293,3.317002953801116
0.0005196835588235294,3.324302279918232
0.0005196935588235293,3.327951942976759
0.0005197035588235294,3.320652616859724
0.0005197135588235293,3.338900932152365
0.0005197235588235294,3.320652616859692
0.0005197335588235293,3.335251269093812
0.0005197435588235294,3.331601606035305
0.0005197535588235293,3.320652616859715
0.0005197635588235294,3.324302279918216
0.0005197735588235294,3.331601606035369
0.0005197835588235293,3.342550595210954
0.0005197935588235294,3.335251269093825
0.0005198035588235293,3.324302279918236
0.0005198135588235294,3.335251269093905
0.0005198235588235293,3.349849921328024
0.0005198335588235294,3.338900932152381
0.0005198435588235293,3.32065261685974
0.0005198535588235294,3.306053964625483
0.0005198635588235293,3.324302279918124
0.0005198735588235293,3.335251269093865
0.0005198835588235294,3.313353290742666
0.0005198935588235293,3.335251269093845
0.0005199035588235294,3.320652616859758
0.0005199135588235293,3.346200258269456
0.0005199235588235294,3.327951942976755
0.0005199335588235293,3.324302279918229
0.0005199435588235294,3.338900932152368
0.0005199535588235293,3.313353290742683
0.0005199635588235294,3.309703627684026
0.0005199735588235293,3.331601606035195
0.0005199835588235293,3.324302279918219
0.0005199935588235294,3.327951942976782
0.0005200035588235293,3.331601606035308
0.0005200135588235294,3.324302279918256
0.0005200235588235293,3.335251269093835
0.0005200335588235294,3.320652616859682
0.0005200435588235293,3.327951942976739
0.0005200535588235294,3.313353290742571
0.0005200635588235293,3.317002953801099
0.0005200735588235294,3.327951942976765
0.0005200835588235294,3.327951942976765
0.0005200935588235293,3.327951942976765
0.0005201035588235294,3.320652616859681
0.0005201135588235293,3.324302279918209
0.0005201235588235294,3.317002953801116
0.0005201335588235293,3.317002953801116
0.0005201435588235294,3.342550595210958
0.0005201535588235293,3.338900932152428
0.0005201635588235294,3.335251269093838
0.0005201735588235293,3.306053964625599
0.0005201835588235294,3.331601606035315
0.0005201935588235294,3.324302279918216
0.0005202035588235293,3.324302279918216
0.0005202135588235294,3.313353290742686
0.0005202235588235293,3.346200258269454
0.0005202335588235294,3.327951942976775
0.0005202435588235293,3.331601606035303
0.0005202535588235294,3.313353290742586
0.0005202635588235293,3.324302279918171
0.0005202735588235294,3.313353290742586
0.0005202835588235293,3.335251269093745
0.0005202935588235293,3.338900932152415
0.0005203035588235294,3.324302279918232
0.0005203135588235293,3.32795194297676
0.0005203235588235294,3.324302279918176
0.0005203335588235293,3.313353290742591
0.0005203435588235294,3.320652616859695
0.0005203535588235293,3.331601606035275
0.0005203635588235294,3.309703627684029
0.0005203735588235293,3.317002953801083
0.0005203835588235294,3.324302279918216
0.0005203935588235294,3.324302279918216
0.0005204035588235293,3.324302279918216
0.0005204135588235294,3.324302279918199
0.0005204235588235293,3.320652616859672
0.0005204335588235294,3.317002953801143
0.0005204435588235293,3.324302279918196
0.0005204535588235294,3.3060539646255
0.0005204635588235293,3.320652616859612
0.0005204735588235294,3.324302279918231
0.0005204835588235293,3.335251269093815
0.0005204935588235294,3.327951942976765
0.0005205035588235294,3.338900932152295
0.0005205135588235293,3.317002953801136
0.0005205235588235294,3.32065261685965
0.0005205335588235293,3.317002953801123
0.0005205435588235294,3.327951942976735
0.0005205535588235293,3.317002953801146
0.0005205635588235294,3.313353290742566
0.0005205735588235293,3.313353290742566
0.0005205835588235294,3.306053964625473
0.0005205935588235293,3.31335329074253
0.0005206035588235294,3.317002953801116
0.0005206135588235294,3.324302279918265
0.0005206235588235293,3.335251269093855
0.0005206335588235294,3.313353290742606
0.0005206435588235293,3.324302279918196
0.0005206535588235294,3.320652616859626
0.0005206635588235293,3.306053964625513
0.0005206735588235294,3.327951942976725
0.0005206835588235293,3.306053964625556
0.0005206935588235294,3.324302279918192
0.0005207035588235293,3.298754638508506
0.0005207135588235293,3.309703627684016
0.0005207235588235294,3.320652616859666
0.0005207335588235293,3.320652616859666
0.0005207435588235294,3.306053964625559
0.0005207535588235293,3.331601606035245
0.0005207635588235294,3.320652616859695
0.0005207735588235293,3.331601606035275
0.0005207835588235294,3.320652616859675
0.0005207935588235293,3.327951942976732
0.0005208035588235294,3.324302279918214
0.0005208135588235293,3.320652616859685
0.0005208235588235293,3.320652616859666
0.0005208335588235294,3.302404301566967
0.0005208435588235293,3.313353290742546
0.0005208535588235294,3.309703627684039
0.0005208635588235293,3.317002953801096
0.0005208735588235294,3.313353290742591
0.0005208835588235293,3.324302279918176
0.0005208935588235294,3.324302279918212
0.0005209035588235293,3.320652616859682
0.0005209135588235294,3.317002953801116
0.0005209235588235294,3.320652616859629
0.0005209335588235293,3.313353290742573
0.0005209435588235294,3.32065261685965
0.0005209535588235293,3.317002953801123
0.0005209635588235294,3.302404301566957
0.0005209735588235293,3.317002953801076
0.0005209835588235294,3.327951942976752
0.0005209935588235293,3.320652616859692
0.0005210035588235294,3.309703627684023
0.0005210135588235293,3.317002953801079
0.0005210235588235294,3.313353290742566
0.0005210335588235294,3.327951942976715
0.0005210435588235293,3.317002953801126
0.0005210535588235294,3.317002953801222
0.0005210635588235293,3.346200258269448
0.0005210735588235294,3.309703627684046
0.0005210835588235293,3.320652616859631
0.0005210935588235294,3.320652616859652
0.0005211035588235293,3.3133532907426
0.0005211135588235294,3.320652616859669
0.0005211235588235293,3.324302279918196
0.0005211335588235293,3.327951942976763
0.0005211435588235294,3.327951942976616
0.0005211535588235293,3.295104975449862
0.0005211635588235294,3.320652616859666
0.0005211735588235293,3.320652616859666
0.0005211835588235294,3.324302279918176
0.0005211935588235293,3.309703627684069
0.0005212035588235294,3.320652616859646
0.0005212135588235293,3.306053964625533
0.0005212235588235294,3.324302279918214
0.0005212335588235294,3.320652616859685
0.0005212435588235293,3.324302279918212
0.0005212535588235294,3.320652616859649
0.0005212635588235293,3.317002953801123
0.0005212735588235294,3.327951942976719
0.0005212835588235293,3.313353290742606
0.0005212935588235294,3.324302279918207
0.0005213035588235293,3.320652616859679
0.0005213135588235294,3.320652616859669
0.0005213235588235293,3.324302279918199
0.0005213335588235294,3.317002953801116
0.0005213435588235294,3.313353290742584
0.0005213535588235293,3.317002953801113
0.0005213635588235294,3.335251269093838
0.0005213735588235293,3.327951942976779
0.0005213835588235294,3.313353290742586
0.0005213935588235293,3.320652616859646
0.0005214035588235294,3.309703627684009
0.0005214135588235293,3.306053964625482
0.0005214235588235294,3.327951942976739
0.0005214335588235293,3.298754638508513
0.0005214435588235293,3.313353290742566
0.0005214535588235294,3.317002953801132
0.0005214635588235293,3.320652616859662
0.0005214735588235294,3.331601606035302
0.0005214835588235293,3.327951942976774
0.0005214935588235294,3.317002953801126
0.0005215035588235293,3.320652616859654
0.0005215135588235294,3.320652616859666
0.0005215235588235293,3.320652616859666
0.0005215335588235294,3.327951942976762
0.0005215435588235293,3.324302279918236
0.0005215535588235293,3.320652616859667
0.0005215635588235294,3.3133532907426
0.0005215735588235293,3.320652616859652
0.0005215835588235294,3.309703627684056
0.0005215935588235293,3.320652616859636
0.0005216035588235294,3.302404301566967
0.0005216135588235293,3.324302279918136
0.0005216235588235294,3.313353290742566
0.0005216335588235293,3.313353290742566
0.0005216435588235294,3.313353290742566
0.0005216535588235294,3.317002953801116
0.0005216635588235293,3.317002953801116
0.0005216735588235294,3.306053964625526
0.0005216835588235293,3.320652616859639
0.0005216935588235294,3.313353290742543
0.0005217035588235293,3.306053964625487
0.0005217135588235294,3.298754638508393
0.0005217235588235293,3.313353290742513
0.0005217335588235294,3.324302279918209
0.0005217435588235293,3.317002953801149
0.0005217535588235294,3.302404301566917
0.0005217635588235294,3.313353290742584
0.0005217735588235293,3.317002953801113
0.0005217835588235294,3.313353290742566
0.0005217935588235293,3.313353290742566
0.0005218035588235294,3.335251269093795
0.0005218135588235293,3.309703627684086
0.0005218235588235294,3.317002953801129
0.0005218335588235293,3.324302279918186
0.0005218435588235294,3.309703627684026
0.0005218535588235293,3.320652616859606
0.0005218635588235293,3.302404301566917
0.0005218735588235294,3.320652616859599
0.0005218835588235293,3.306053964625487
0.0005218935588235294,3.302404301566957
0.0005219035588235293,3.313353290742541
0.0005219135588235294,3.320652616859666
0.0005219235588235293,3.320652616859666
0.0005219335588235294,3.313353290742546
0.0005219435588235293,3.302404301566967
0.0005219535588235294,3.302404301566922
0.0005219635588235294,3.313353290742546
0.0005219735588235293,3.309703627684018
0.0005219835588235294,3.31335329074255
0.0005219935588235293,3.309703627684023
0.0005220035588235294,3.331601606035235
0.0005220135588235293,3.309703627684076
0.0005220235588235294,3.302404301566942
0.0005220335588235293,3.313353290742526
0.0005220435588235294,3.309703627684021
0.0005220535588235293,3.31335329074255
0.0005220635588235294,3.313353290742566
0.0005220735588235294,3.302404301566996
0.0005220835588235293,3.317002953801103
0.0005220935588235294,3.309703627684001
0.0005221035588235293,3.306053964625473
0.0005221135588235294,3.30605396462549
0.0005221235588235293,3.313353290742546
0.0005221335588235294,3.306053964625467
0.0005221435588235293,3.306053964625467
0.0005221535588235294,3.306053964625473
0.0005221635588235293,3.31335329074253
0.0005221735588235294,3.317002953801116
0.0005221835588235294,3.320652616859682
0.0005221935588235293,3.324302279918212
0.0005222035588235294,3.317002953801143
0.0005222135588235293,3.324302279918202
0.0005222235588235294,3.317002953801106
0.0005222335588235293,3.313353290742578
0.0005222435588235294,3.320652616859632
0.0005222535588235293,3.302404301566991
0.0005222635588235294,3.317002953801103
0.0005222735588235293,3.302404301566996
0.0005222835588235293,3.287805649332717
0.0005222935588235294,3.317002953801066
0.0005223035588235293,3.306053964625482
0.0005223135588235294,3.29875463850834
0.0005223235588235293,3.291455312391284
0.0005223335588235294,3.276856660157158
0.0005223435588235293,3.309703627683897
0.0005223535588235294,3.295104975449844
0.0005223635588235293,3.30970362768395
0.0005223735588235294,3.306053964625467
0.0005223835588235293,3.306053964625467
0.0005223935588235293,3.309703627684013
0.0005224035588235294,3.309703627684082
0.0005224135588235293,3.324302279918189
0.0005224235588235294,3.317002953801127
0.0005224335588235293,3.320652616859656
0.0005224435588235294,3.298754638508358
0.0005224535588235293,3.29510497544983
0.0005224635588235294,3.313353290742563
0.0005224735588235293,3.309703627684033
0.0005224835588235294,3.291455312391268
0.0005224935588235294,3.29145531239134
0.0005225035588235293,3.306053964625453
0.0005225135588235294,3.306053964625467
0.0005225235588235293,3.306053964625467
0.0005225335588235294,3.331601606035265
0.0005225435588235293,3.313353290742616
0.0005225535588235294,3.31335329074256
0.0005225635588235293,3.309703627684029
0.0005225735588235294,3.298754638508377
0.0005225835588235293,3.309703627683962
0.0005225935588235294,3.295104975449817
0.0005226035588235294,3.309703627684049
0.0005226135588235293,3.317002953801109
0.0005226235588235294,3.295104975449857
0.0005226335588235293,3.306053964625447
0.0005226435588235294,3.295104975449827
0.0005226535588235293,3.298754638508355
0.0005226635588235294,3.320652616859652
0.0005226735588235293,3.3133532907426
0.0005226835588235294,3.313353290742569
0.0005226935588235293,3.317002953801096
0.0005227035588235293,3.309703627684019
0.0005227135588235294,3.309703627684033
0.0005227235588235293,3.313353290742561
0.0005227335588235294,3.313353290742513
0.0005227435588235293,3.298754638508407
0.0005227535588235294,3.313353290742526
0.0005227635588235293,3.29875463850842
0.0005227735588235294,3.3243022799182
0.0005227835588235293,3.313353290742616
0.0005227935588235294,3.309703627684018
0.0005228035588235294,3.313353290742526
0.0005228135588235293,3.306053964625473
0.0005228235588235294,3.298754638508466
0.0005228335588235293,3.320652616859626
0.0005228435588235294,3.309703627683993
0.0005228535588235293,3.302404301566937
0.0005228635588235294,3.317002953801083
0.0005228735588235293,3.30240430156697
0.0005228835588235294,3.298754638508383
0.0005228935588235293,3.317002953801033
0.0005229035588235294,3.324302279918216
0.0005229135588235294,3.302404301566935
0.0005229235588235293,3.306053964625463
0.0005229335588235294,3.317002953801131
0.0005229435588235293,3.320652616859659
0.0005229535588235294,3.306053964625476
0.0005229635588235293,3.309703627684006
0.0005229735588235294,3.284155986274214
0.0005229835588235293,3.309703627683912
0.0005229935588235294,3.324302279918189
0.0005230035588235293,3.295104975449963
0.0005230135588235293,3.298754638508367
0.0005230235588235294,3.302404301566917
0.0005230335588235293,3.302404301566917
0.0005230435588235294,3.302404301564912
0.0005230535588235293,2.751305179727153
0.0005230635588235294,0.2658846368496887
0.0005230735588235293,-1.131936314566612
0.0005230835588235294,-0.6720787691918315
0.0005230935588235293,0.404571833073498
0.0005231035588235294,0.6454495949422877
0.0005231135588235293,0.2147893540361558
0.0005231235588235293,-0.2158708868748721
0.0005231335588235294,-0.2012722346395245
0.0005231435588235293,0.09435047310125982
0.0005231535588235294,0.2001907017993544
0.0005231635588235293,0.1308471036873501
0.0005231735588235294,-0.004190429479230653
0.0005231835588235293,-0.02243874477186336
0.0005231935588235294,0.01040822275510787
0.0005232035588235293,0.07610215780861548
0.0005232135588235294,0.09800013616021289
0.0005232235588235294,0.05785384251596618
0.0005232335588235293,0.02135721193070077
0.0005232435588235294,0.01770754887226717
0.0005232535588235293,0.05420417945754918
0.0005232635588235294,0.07975182086735945
0.0005232735588235293,0.04690485334060563
0.0005232835588235294,0.05055451639900604
0.0005232935588235293,0.01770754887223729
0.0005233035588235294,0.02500687498922731
0.0005233135588235293,0.03595586416481689
0.0005233235588235294,0.05420417945761556
0.0005233335588235294,0.03230620110629865
0.0005233435588235293,0.02865653804777045
0.0005233535588235294,0.03960552722337662
0.0005233635588235293,0.02865653804778704
0.0005233735588235294,0.05055451639905583
0.0005233835588235293,0.04690485334052596
0.0005233935588235294,0.02500687498921735
0.0005234035588235293,0.02500687498921735
0.0005234135588235294,0.04325519028194964
0.0005234235588235293,0.02500687498931693
0.0005234335588235293,0.02500687498921735
0.0005234435588235294,0.02500687498923395
0.0005234535588235293,0.02865653804776381
0.0005234635588235294,0.02865653804780696
0.0005234735588235293,0.03960552722339156
0.0005234835588235294,0.02135721193065761
0.0005234935588235293,0.01770754887213108
0.0005235035588235294,0.0177075488721178
0.0005235135588235293,0.0177075488721178
0.0005235235588235294,0.01770754887211946
0.0005235335588235294,0.02135721193076715
0.0005235435588235293,0.03960552722340815
0.0005235535588235294,0.02865653804776713
0.0005235635588235293,0.02865653804776713
0.0005235735588235294,0.02500687498915096
0.0005235835588235293,0.006758559696518257
0.0005235935588235294,0.01405788581355972
0.0005236035588235293,0.01040822275503152
0.0005236135588235294,0.0104082227550282
0.0005236235588235293,0.01770754887208461
0.0005236335588235294,0.02500687498921735
0.0005236435588235294,0.01040822275507799
0.0005236535588235293,0.02135721193065761
0.0005236635588235294,0.02865653804772231
0.0005236735588235293,0.01770754887213771
0.0005236835588235294,0.02135721193063272
0.0005236935588235293,0.01040822275504812
0.0005237035588235294,0.01405788581357466
0.0005237135588235293,0.01770754887210452
0.0005237235588235294,0.02135721193065097
0.0005237335588235293,0.003108896638009971
0.0005237435588235294,0.0177075488721178
0.0005237535588235294,0.03230620110618911
0.0005237635588235293,0.006758559696491702
0.0005237735588235294,0.01040822275501824
0.0005237835588235293,0.01040822275501824
0.0005237935588235294,0.01040822275504812
0.0005238035588235293,0.02135721193063272
0.0005238135588235294,-0.0005407664205978931
0.0005238235588235293,0.01770754887204311
0.0005238335588235294,0.003108896637925329
0.0005238435588235293,0.01040822275497841
0.0005238535588235293,0.01405788581356802
0.0005238635588235294,0.01040822275505144
0.0005238735588235293,0.01770754887210784
0.0005238835588235294,0.01405788581352819
0.0005238935588235293,0.003108896637943585
0.0005239035588235294,-0.004190429479150989
0.0005239135588235293,0.006758559696428635
0.0005239235588235294,0.02135721193065264
0.0005239335588235293,0.01040822275506803
0.0005239435588235294,0.01770754887211282
0.0005239535588235293,0.006758559696528216
0.0005239635588235293,0.0140578858135647
0.0005239735588235294,0.01040822275491866
0.0005239835588235293,-0.01148975559624059
0.0005239935588235294,0.01040822275502986
0.0005240035588235293,0.01405788581355806
0.0005240135588235294,0.01405788581353483
0.0005240235588235293,-0.0005407664205779768
0.0005240335588235294,0.01405788581355308
0.0005240435588235293,0.00310889663796848
0.0005240535588235294,-0.007840092537730639
0.0005240635588235294,0.01040822275501824
0.0005240735588235293,0.01040822275501824
0.0005240835588235294,0.003108896637858942
0.0005240935588235293,-0.01148975559625386
0.0005241035588235294,-0.01148975559623394
0.0005241135588235293,0.003108896637878857
0.0005241235588235294,0.006758559696448551
0.0005241335588235293,-0.004190429479136053
0.0005241435588235294,-0.004190429479170905
0.0005241535588235293,0.006758559696413699
0.0005241635588235294,0.006758559696468467
0.0005241735588235294,0.006758559696486723
0.0005241835588235293,0.01040822275501492
0.0005241935588235294,-0.004190429479127754
0.0005242035588235293,0.01040822275498505
0.0005242135588235294,0.01405788581357798
0.0005242235588235293,0.01770754887210618
0.0005242335588235294,-0.0005407664206178093
0.0005242435588235293,0.006758559696438593
0.0005242535588235294,0.006758559696455189
0.0005242635588235293,-0.007840092537650976
0.0005242735588235293,0.02135721193065429
0.0005242835588235294,0.006758559696418677
0.0005242935588235293,-0.004190429479165926
0.0005243035588235294,-0.004190429479141031
0.0005243135588235293,0.006758559696443573
0.0005243235588235294,0.01040822275500829
0.0005243335588235293,0.006758559696481745
0.0005243435588235294,-0.007840092537720682
0.0005243535588235293,-0.0005407664206642801
0.0005243635588235294,-0.0005407664206211286
0.0005243735588235294,0.02135721193052816
0.0005243835588235293,-0.004190429479169245
0.0005243935588235294,-0.007840092537730639
0.0005244035588235293,-0.007840092537730639
0.0005244135588235294,0.003108896637895455
0.0005244235588235293,-0.004190429479160947
0.0005244335588235294,0.00675855969645187
0.0005244435588235293,-0.0005407664206045319
0.0005244535588235294,0.006758559696461828
0.0005244635588235293,-0.000540766420597894
0.0005244735588235294,-0.01878908171337997
0.0005244835588235294,-0.004190429479217376
0.0005244935588235293,-0.01148975559627378
0.0005245035588235294,0.006758559696423656
0.0005245135588235293,-0.004190429479160948
0.0005245235588235294,-0.004190429479210738
0.0005245335588235293,-0.01513941865480032
0.0005245435588235294,0.006758559696421996
0.0005245535588235293,-0.01878908171327541
0.0005245635588235294,-0.01148975559627046
0.0005245735588235293,-0.0005407664206858558
0.0005245835588235293,0.006758559696468467
0.0005245935588235294,-0.0005407664206808769
0.0005246035588235293,-0.01148975559627046
0.0005246135588235294,0.01040822275496513
0.0005246235588235293,-0.00419042947914767
0.0005246335588235294,-0.01513941865476049
0.0005246435588235293,0.01040822275493692
0.0005246535588235294,-0.01513941865480364
0.0005246635588235293,-0.0005407664206974732
0.0005246735588235294,0.006758559696475106
0.0005246835588235293,0.01405788581352819
0.0005246935588235293,0.01405788581356802
0.0005247035588235294,-0.004190429479180863
0.0005247135588235293,-0.004190429479180863
0.0005247235588235294,-0.01148975559621403
0.0005247335588235293,0.006758559696418675
0.0005247435588235294,-0.004190429479230653
0.0005247535588235293,-0.02608840783039986
0.0005247635588235294,0.006758559696478425
0.0005247735588235293,0.01405788581353483
0.0005247835588235294,-0.0005407664206377253
0.0005247935588235294,-0.01513941865479036
0.0005248035588235293,-0.007840092537737278
0.0005248135588235294,-0.01148975559620573
0.0005248235588235293,0.006758559696435273
0.0005248335588235294,-0.01513941865478372
0.0005248435588235293,-0.0005407664206709198
0.0005248535588235294,0.02135721193060118
0.0005248635588235293,-0.007840092537624417
0.0005248735588235294,-0.0151394186548136
0.0005248835588235293,0.003108896637835708
0.0005248935588235294,-0.01513941865483019
0.0005249035588235294,-0.004190429479253889
0.0005249135588235293,-0.01878908171336669
0.0005249235588235294,0.00310889663781413
0.0005249335588235293,-0.02243874477188328
0.0005249435588235294,-0.0005407664206310866
0.0005249535588235293,-0.0005407664206310866
0.0005249635588235294,-0.01513941865477708
0.0005249735588235293,0.01405788581344852
0.0005249835588235294,0.01040822275501161
0.0005249935588235293,0.003108896637955202
0.0005250035588235293,0.006758559696468467
0.0005250135588235294,-0.007840092537714043
0.0005250235588235293,-0.004190429479185843
0.0005250335588235294,-0.0005407664206841962
0.0005250435588235293,-0.015139418654797
0.0005250535588235294,-0.0005407664206211286
0.0005250635588235293,0.003108896637907072
0.0005250735588235294,0.006758559696441912
0.0005250835588235293,-0.007840092537664253
0.0005250935588235294,-0.01148975559627544
0.0005251035588235294,-0.0005407664206510028
0.0005251135588235293,-0.004190429479179204
0.0005251235588235294,0.006758559696385483
0.0005251335588235293,-0.01148975559625552
0.0005251435588235294,0.01040822275500497
0.0005251535588235293,0.006758559696478425
0.0005251635588235294,0.00675855969645187
0.0005251735588235293,-0.0005407664206045319
0.0005251835588235294,0.01040822275499833
0.0005251935588235293,-0.004190429479114478
0.0005252035588235294,-0.004190429479174224
0.0005252135588235294,0.01040822275501824
0.0005252235588235293,0.01040822275501824
0.0005252335588235294,-0.0005407664206460237
0.0005252435588235293,-0.004190429479174224
0.0005252535588235294,-0.00419042947914601
0.0005252635588235293,0.006758559696438594
0.0005252735588235294,-0.000540766420644364
0.0005252835588235293,-0.007840092537704084
0.0005252935588235294,-0.007840092537714043
0.0005253035588235293,0.01040822275492696
0.0005253135588235294,0.006758559696468467
0.0005253235588235294,0.01770754887197175
0.0005253335588235293,-0.01148975559625386
0.0005253435588235294,-0.007840092537677529
0.0005253535588235293,0.006758559696441912
0.0005253635588235294,-0.01513941865476049
0.0005253735588235293,0.01040822275493692
0.0005253835588235294,0.003108896637931968
0.0005253935588235293,0.01040822275498837
0.0005254035588235294,-0.007840092537724001
0.0005254135588235293,-0.0005407664206675995
0.0005254235588235293,0.01405788581356802
0.0005254335588235294,0.01770754887203482
0.0005254435588235293,-0.0005407664206061903
0.0005254535588235294,0.01405788581356802
0.0005254635588235293,0.01405788581356802
0.0005254735588235294,0.006758559696418677
0.0005254835588235293,-0.01148975559621403
0.0005254935588235294,-0.004190429479167586
0.0005255035588235293,0.003108896637885497
0.0005255135588235294,-0.000540766420624448
0.0005255235588235293,0.01405788581348836
0.0005255335588235293,0.006758559696471786
0.0005255435588235294,0.00310889663791869
0.0005255535588235293,0.00310889663791869
0.0005255635588235294,-0.004190429479192481
0.0005255735588235293,-0.00784009253772068
0.0005255835588235294,-0.0005407664206061915
0.0005255935588235293,0.01040822275497841
0.0005256035588235294,0.003108896637913711
0.0005256135588235293,-0.0005407664206144901
0.0005256235588235294,0.01040822275501824
0.0005256335588235294,0.01405788581353151
0.0005256435588235293,0.006758559696475106
0.0005256535588235294,0.01040822275495849
0.0005256635588235293,-0.004190429479154309
0.0005256735588235294,-0.004190429479111157
0.0005256835588235293,0.01770754887205805
0.0005256935588235294,0.0177075488721178
0.0005257035588235293,0.0177075488721178
0.0005257135588235294,0.01405788581356138
0.0005257235588235293,0.006758559696504979
0.0005257335588235294,0.01040822275501824
0.0005257435588235294,0.01405788581358628
0.0005257535588235293,0.01770754887211448
0.0005257635588235294,0.01770754887210452
0.0005257735588235293,0.01405788581357632
0.0005257835588235294,0.006758559696498342
0.0005257935588235293,0.01770754887208294
0.0005258035588235294,-0.01148975559624058
0.0005258135588235293,0.01040822275492862
0.0005258235588235294,0.01770754887210452
0.0005258335588235293,0.003108896637998354
0.0005258435588235293,0.00310889663791869
0.0005258535588235294,0.006758559696468467
0.0005258635588235293,0.006758559696468467
0.0005258735588235294,0.003108896637905412
0.0005258835588235293,-0.0005407664206227882
0.0005258935588235294,0.003108896637908732
0.0005259035588235293,-0.0005407664206178091
0.0005259135588235294,0.003108896637923669
0.0005259235588235293,0.006758559696451871
0.0005259335588235294,0.02865653804775219
0.0005259435588235294,-0.004190429479101199
0.0005259535588235293,0.01040822275501161
0.0005259635588235294,0.006758559696485064
0.0005259735588235293,0.01040822275501161
0.0005259835588235294,0.01040822275504148
0.0005259935588235293,0.01770754887209788
0.0005260035588235294,0.02500687498917586
0.0005260135588235293,0.006758559696534855
0.0005260235588235294,0.01405788581355308
0.0005260335588235293,0.00310889663796848
0.0005260435588235294,-0.0005407664206310866
0.0005260535588235294,0.006758559696450211
0.0005260635588235293,0.003108896637922009
0.0005260735588235294,0.01405788581358296
0.0005260835588235293,0.01770754887211116
0.0005260935588235294,0.006758559696508299
0.0005261035588235293,0.02135721193062774
0.0005261135588235294,0.01040822275497841
0.0005261235588235293,-0.0114897555961908
0.0005261335588235294,0.02135721193065761
0.0005261435588235293,0.01040822275507301
0.0005261535588235294,0.006758559696468467
0.0005261635588235294,0.01770754887215099
0.0005261735588235293,0.02500687498921071
0.0005261835588235294,-0.0005407664205248675
0.0005261935588235293,0.02865653804770074
0.0005262035588235294,0.01040822275504812
0.0005262135588235293,0.02135721193063272
0.0005262235588235294,0.02135721193064766
0.0005262335588235293,0.01040822275506306
0.0005262435588235294,0.01040822275500497
0.0005262535588235293,-0.0041904294791012
0.0005262635588235293,0.01040822275501161
0.0005262735588235294,0.02500687498923395
0.0005262835588235293,0.02865653804776215
0.0005262935588235294,0.006758559696481745
0.0005263035588235293,0.01040822275500829
0.0005263135588235294,0.003108896637908732
0.0005263235588235293,-0.0005407664206178091
0.0005263335588235294,0.03595586416484677
0.0005263435588235293,0.02135721193073396
0.0005263535588235294,-0.007840092537730639
0.0005263635588235294,-0.007840092537730639
0.0005263735588235293,-0.007840092537730639
0.0005263835588235294,0.01040822275501824
0.0005263935588235293,0.01040822275501824
0.0005264035588235294,0.01040822275499501
0.0005264135588235293,0.003108896637938606
0.0005264235588235294,0.006758559696509959
0.0005264335588235293,0.02500687498915096
0.0005264435588235294,0.01405788581356802
0.0005264535588235293,0.01405788581356802
0.0005264635588235294,0.0177075488721178
0.0005264735588235294,0.01040822275494522
0.0005264835588235293,-0.004190429479167587
0.0005264935588235294,0.01405788581358296
0.0005265035588235293,0.01770754887211116
0.0005265135588235294,0.0213572119306377
0.0005265235588235293,0.01040822275504812
0.0005265335588235294,0.0177075488721178
0.0005265435588235293,0.0177075488721178
0.0005265535588235294,0.006758559696461828
0.0005265635588235293,-0.0005407664205945746
0.0005265735588235293,0.006758559696468467
0.0005265835588235294,-0.00419042947914767
0.0005265935588235293,0.003108896637908732
0.0005266035588235294,0.01040822275505808
0.0005266135588235293,0.02135721193064267
0.0005266235588235294,0.01040822275501824
0.0005266335588235293,0.01040822275501824
0.0005266435588235294,0.02500687498917088
0.0005266535588235293,-0.0005407664205149092
0.0005266635588235294,-0.0005407664206277672
0.0005266735588235293,0.006758559696428636
0.0005266835588235293,0.00310889663792035
0.0005266935588235294,0.01405788581361781
0.0005267035588235293,0.02500687498920241
0.0005267135588235294,0.01040822275496513
0.0005267235588235293,-0.004190429479141031
0.0005267335588235294,0.01040822275502654
0.0005267435588235293,0.01405788581355474
0.0005267535588235294,0.01040822275500331
0.0005267635588235293,-0.000540766420581297
0.0005267735588235294,0.0104082227550282
0.0005267835588235294,0.0323062011061775
0.0005267935588235293,0.006758559696491702
0.0005268035588235294,0.01040822275492862
0.0005268135588235293,-0.01148975559624059
0.0005268235588235294,0.01040822275504148
0.0005268335588235293,0.01770754887209788
0.0005268435588235294,-0.0005407664206310866
0.0005268535588235293,-0.0005407664206310866
0.0005268635588235294,0.006758559696461828
0.0005268735588235293,-0.0005407664205945746
0.0005268835588235294,0.01040822275501824
0.0005268935588235294,0.01770754887204477
0.0005269035588235293,0.003108896637931968
0.0005269135588235294,0.006758559696468467
0.0005269235588235293,0.006758559696468467
0.0005269335588235294,-0.0005407664206111705
0.0005269435588235293,0.006758559696445232
0.0005269535588235294,-0.0005407664206045318
0.0005269635588235293,0.01405788581350827
0.0005269735588235294,-0.01148975559625718
0.0005269835588235293,0.01405788581344023
0.0005269935588235293,0.0177075488721178
0.0005270035588235294,0.01770754887203482
0.0005270135588235293,-0.0005407664206061903
0.0005270235588235294,0.006758559696508299
0.0005270335588235293,0.0177075488720929
0.0005270435588235294,0.006758559696468467
0.0005270535588235293,0.006758559696468467
0.0005270635588235294,-0.004190429479141031
0.0005270735588235293,0.01770754887201822
0.0005270835588235294,0.01040822275501658
0.0005270935588235293,0.006758559696488383
0.0005271035588235293,0.006758559696468467
0.0005271135588235294,0.02865653804766755
0.0005271235588235293,0.0067585596965083
0.0005271335588235294,0.02865653804774057
0.0005271435588235293,0.02135721193068749
0.0005271535588235294,0.02135721193064267
0.0005271635588235293,0.01040822275505808
0.0005271735588235294,0.02500687498920739
0.0005271835588235293,0.01770754887215099
0.0005271935588235294,0.02135721193066757
0.0005272035588235294,0.01405788581362279
0.0005272135588235293,0.02500687498920739
0.0005272235588235294,0.01770754887208792
0.0005272335588235293,0.01040822275503152
0.0005272435588235294,0.01770754887208294
0.0005272535588235293,0.006758559696498341
0.0005272635588235294,-0.0005407664206045318
0.0005272735588235293,0.01405788581351491
0.0005272835588235294,0.02500687498919411
0.0005272935588235293,-0.0005407664205032935
0.0005273035588235294,0.02135721193066757
0.0005273135588235294,0.006758559696578005
0.0005273235588235293,0.02865653804774721
0.0005273335588235294,0.006758559696481745
0.0005273435588235293,0.01040822275501161
0.0005273535588235294,0.02500687498920739
0.0005273635588235293,0.02135721193067919
0.0005273735588235294,0.0104082227550448
0.0005273835588235293,0.0250068749891576
0.0005273935588235294,0.006758559696481745
0.0005274035588235293,0.02135721193058791
0.0005274135588235293,0.01405788581357134
0.0005274235588235294,0.01040822275503484
0.0005274335588235293,0.01405788581356304
0.0005274435588235294,0.006758559696534854
0.0005274535588235293,0.02500687498917586
0.0005274635588235294,0.01405788581360785
0.0005274735588235293,0.02865653804771402
0.0005274835588235294,0.02500687498920739
0.0005274935588235293,0.01770754887215099
0.0005275035588235294,0.01405788581357466
0.0005275135588235294,0.02865653804770738
0.0005275235588235293,0.01770754887212278
0.0005275335588235294,0.02135721193060118
0.0005275435588235293,0.006758559696495022
0.0005275535588235294,0.01040822275501824
0.0005275635588235293,0.01040822275501824
0.0005275735588235294,0.01405788581357632
0.0005275835588235293,0.01770754887210452
0.0005275935588235294,0.01770754887215265
0.0005276035588235293,0.04325519028185006
0.0005276135588235294,0.02865653804776713
0.0005276235588235294,-0.0005407664205215481
0.0005276335588235293,0.02135721193064766
0.0005276435588235294,0.02135721193066757
0.0005276535588235293,0.02135721193066757
0.0005276635588235294,0.01770754887217589
0.0005276735588235293,0.03595586416481689
0.0005276835588235294,0.02500687498920407
0.0005276935588235293,0.01770754887214767
0.0005277035588235294,0.01040822275503816
0.0005277135588235293,0.03230620110620737
0.0005277235588235294,0.02500687498921735
0.0005277335588235294,0.02865653804768414
0.0005277435588235293,0.01040822275503484
0.0005277535588235294,0.02135721193068085
0.0005277635588235293,0.02500687498920905
0.0005277735588235294,0.02500687498923726
0.0005277835588235293,0.03230620110629367
0.0005277935588235294,0.0140578858135813
0.0005278035588235293,0.0213572119306377
0.0005278135588235294,0.02865653804775053
0.0005278235588235293,0.01040822275511782
0.0005278335588235293,0.02135721193066259
0.0005278435588235294,0.01770754887206801
0.0005278535588235293,0.006758559696483405
0.0005278635588235294,0.03230620110622397
0.0005278735588235293,0.006758559696526556
0.0005278835588235294,0.02500687498920739
0.0005278935588235293,0.02135721193068085
0.0005279035588235294,0.02135721193065264
0.0005279135588235293,0.01040822275506803
0.0005279235588235294,0.03595586416485838
0.0005279335588235294,0.0177075488721178
0.0005279435588235293,0.0177075488721178
0.0005279535588235294,0.01770754887218419
0.0005279635588235293,0.03230620110629035
0.0005279735588235294,0.006758559696468467
0.0005279835588235293,0.006758559696468467
0.0005279935588235294,0.02500687498920075
0.0005280035588235293,0.01770754887214435
0.0005280135588235294,0.01405788581358462
0.0005280235588235293,0.03230620110623392
0.0005280335588235294,0.02500687498921735
0.0005280435588235294,0.0286565380476941
0.0005280535588235293,0.0140578858135813
0.0005280635588235294,0.02865653804772231
0.0005280735588235293,0.01770754887213771
0.0005280835588235294,0.01040822275503816
0.0005280935588235293,0.01770754887209788
0.0005281035588235294,0.04325519028191312
0.0005281135588235293,0.01405788581368752
0.0005281235588235294,0.01770754887212776
0.0005281335588235293,0.02865653804771236
0.0005281435588235293,0.01405788581356802
0.0005281535588235294,0.003108896638001674
0.0005281635588235293,0.02135721193065097
0.0005281735588235294,0.01040822275505808
0.0005281835588235293,0.02135721193064267
0.0005281935588235294,0.01405788581359789
0.0005282035588235293,0.0250068749891825
0.0005282135588235294,0.02135721193065429
0.0005282235588235293,0.01405788581360121
0.0005282335588235294,0.003108896637930308
0.0005282435588235293,0.02865653804762771
0.0005282535588235293,0.01405788581357466
0.0005282635588235294,0.02500687498923395
0.0005282735588235293,0.02865653804776215
0.0005282835588235294,0.01770754887214435
0.0005282935588235293,0.02500687498919743
0.0005283035588235294,0.01040822275499335
0.0005283135588235293,-0.0005407664205912543
0.0005283235588235294,0.01040822275502322
0.0005283335588235293,0.01405788581355142
0.0005283435588235294,0.01405788581356802
0.0005283535588235294,0.01405788581356802
0.0005283635588235293,0.01405788581356802
0.0005283735588235294,0.02135721193068251
0.0005283835588235293,0.02500687498921071
0.0005283935588235294,0.02135721193063272
0.0005284035588235293,0.01040822275504812
0.0005284135588235294,-0.004190429479097879
0.0005284235588235293,0.03230620110618413
0.0005284335588235294,0.02500687498918747
0.0005284435588235293,-0.007840092537566335
0.0005284535588235294,0.00310889663791869
0.0005284635588235294,-0.007840092537548075
0.0005284735588235293,0.02865653804773393
0.0005284835588235294,0.0213572119306377
0.0005284935588235293,0.0140578858135813
0.0005285035588235294,0.02135721193065761
0.0005285135588235293,0.01770754887212942
0.0005285235588235294,0.0140578858135813
0.0005285335588235293,0.0213572119306377
0.0005285435588235294,0.01040822275502156
0.0005285535588235293,0.01405788581354976
0.0005285635588235293,0.00310889663791869
0.0005285735588235294,0.02135721193065097
0.0005285835588235293,0.01770754887212278
0.0005285935588235294,0.01405788581350163
0.0005286035588235293,-0.004190429479139371
0.0005286135588235294,-0.0005407664206510028
0.0005286235588235293,-0.007840092537707403
0.0005286335588235294,0.0177075488721178
0.0005286435588235293,0.0177075488721178
0.0005286535588235294,-0.004190429479169246
0.0005286635588235293,0.02135721193052816
0.0005286735588235293,0.01040822275502322
0.0005286835588235294,0.003108896638034867
0.0005286935588235293,0.02865653804773227
0.0005287035588235294,0.01040822275503152
0.0005287135588235293,0.01405788581355806
0.0005287235588235294,0.02135721193065097
0.0005287335588235293,0.01405788581359457
0.0005287435588235294,0.01405788581356304
0.0005287535588235293,0.01040822275503484
0.0005287635588235294,0.0177075488721178
0.0005287735588235294,0.01770754887207797
0.0005287835588235293,0.01040822275502488
0.0005287935588235294,0.006758559696513278
0.0005288035588235293,0.01770754887209788
0.0005288135588235294,0.01040822275507633
0.0005288235588235293,0.02865653804771734
0.0005288335588235294,0.01770754887209788
0.0005288435588235293,0.0067585596965083
0.0005288535588235294,0.01405788581358794
0.0005288635588235293,0.03595586416475714
0.0005288735588235294,0.01040822275501824
0.0005288835588235294,0.02865653804773061
0.0005288935588235293,0.02135721193067421
0.0005289035588235294,0.02865653804764763
0.0005289135588235293,-0.004190429479121113
0.0005289235588235294,0.01770754887210784
0.0005289335588235293,0.01405788581357964
0.0005289435588235294,0.006758559696481745
0.0005289535588235293,0.01405788581353815
0.0005289635588235294,0.01040822275501824
0.0005289735588235293,0.01040822275501824
0.0005289835588235293,0.02135721193066259
0.0005289935588235294,0.03595586416494966
0.0005290035588235293,0.05420417945759066
0.0005290135588235294,0.02135721193068085
0.0005290235588235293,0.02500687498920905
0.0005290335588235294,0.02865653804776713
0.0005290435588235293,0.02865653804776713
0.0005290535588235294,0.02865653804774223
0.0005290635588235293,0.01040822275510123
0.0005290735588235294,0.02135721193065927
0.0005290835588235294,0.003108896637998355
0.0005290935588235293,0.01770754887211116
0.0005291035588235294,0.02135721193058459
0.0005291135588235293,0.003108896637951882
0.0005291235588235294,0.02500687498919411
0.0005291335588235293,0.01770754887213771
0.0005291435588235294,0.01040822275504314
0.0005291535588235293,0.02135721193062774
0.0005291635588235294,0.01770754887213273
0.0005291735588235293,0.02865653804771734
0.0005291835588235294,0.01040822275501824
0.0005291935588235294,0.02135721193068583
0.0005292035588235293,0.02500687498921403
0.0005292135588235294,0.02500687498921735
0.0005292235588235293,0.02500687498921735
0.0005292335588235294,0.0177075488721178
0.0005292435588235293,0.0177075488721178
0.0005292535588235294,0.02865653804775385
0.0005292635588235293,0.02135721193069745
0.0005292735588235294,0.02135721193066757
0.0005292835588235293,0.02135721193066757
0.0005292935588235294,0.02865653804776713
0.0005293035588235294,0.02135721193068583
0.0005293135588235293,0.02500687498921403
0.0005293235588235294,0.02135721193073396
0.0005293335588235293,0.03960552722337496
0.0005293435588235294,0.02135721193062774
0.0005293535588235293,0.006758559696514939
0.0005293635588235294,0.02135721193068085
0.0005293735588235293,0.02865653804773725
0.0005293835588235294,0.01770754887212444
0.0005293935588235293,0.02500687498917752
0.0005294035588235293,0.02865653804776547
0.0005294135588235294,0.006758559696518257
0.0005294235588235293,0.01770754887210286
0.0005294335588235294,0.02865653804775385
0.0005294435588235293,0.02500687498922565
0.0005294535588235294,0.01405788581359789
0.0005294635588235293,0.02500687498917752
0.0005294735588235294,0.02500687498923228
0.0005294835588235293,0.03595586416481689
0.0005294935588235294,0.01040822275502156
0.0005295035588235294,0.0177075488721178
0.0005295135588235293,0.0177075488721178
0.0005295235588235294,0.01770754887213273
0.0005295335588235293,0.02135721193066093
0.0005295435588235294,0.01405788581356802
0.0005295535588235293,0.01405788581356802
0.0005295635588235294,0.01405788581359291
0.0005295735588235293,0.02500687498917752
0.0005295835588235294,0.02135721193064267
0.0005295935588235293,0.003108896638001672
0.0005296035588235294,0.02865653804776713
0.0005296135588235294,0.02135721193075885
0.0005296235588235293,0.03960552722339986
0.0005296335588235294,0.02135721193057795
0.0005296435588235293,-0.0005407664205912543
0.0005296535588235294,0.006758559696498342
0.0005296635588235293,0.01770754887208793
0.0005296735588235294,0.03230620110625716
0.0005296835588235293,-0.0005407664204966495
0.0005296935588235294,0.01405788581357134
0.0005297035588235293,0.01770754887209954
0.0005297135588235293,0.01405788581356802
0.0005297235588235294,0.03230620110623392
0.0005297335588235293,0.01405788581358462
0.0005297435588235294,0.01770754887217091
0.0005297535588235293,0.03230620110628371
0.0005297635588235294,0.02135721193067753
0.0005297735588235293,0.02500687498920573
0.0005297835588235294,0.03230620110629699
0.0005297935588235293,0.02135721193071238
0.0005298035588235294,0.0177075488721178
0.0005298135588235293,0.0177075488721178
0.0005298235588235293,0.01040822275502156
0.0005298335588235294,0.03230620110621733
0.0005298435588235293,0.01040822275504812
0.0005298535588235294,0.01405788581360785
0.0005298635588235293,0.02500687498918747
0.0005298735588235294,0.03230620110628371
0.0005298835588235293,0.01770754887217091
0.0005298935588235294,0.01405788581356802
0.0005299035588235293,0.01405788581356802
0.0005299135588235294,0.01040822275501824
0.0005299235588235294,0.01040822275499833
0.0005299335588235293,0.006758559696471786
0.0005299435588235294,0.01040822275506306
0.0005299535588235293,0.02135721193064766
0.0005299635588235294,0.02500687498917088
0.0005299735588235293,0.01040822275505808
0.0005299835588235294,0.0177075488721344
0.0005299935588235293,0.02500687498919079
0.0005300035588235294,0.01770754887211448
0.0005300135588235293,0.01405788581358628
0.0005300235588235294,0.0177075488721178
0.0005300335588235294,-0.004190429479144351
0.0005300435588235293,0.003108896637912051
0.0005300535588235294,0.03230620110628703
0.0005300635588235293,0.02500687498923063
0.0005300735588235294,0.0323062011062472
0.0005300835588235293,0.006758559696549791
0.0005300935588235294,0.006758559696514938
0.0005301035588235293,0.03230620110621235
0.0005301135588235294,0.02135721193068417
0.0005301235588235293,0.03960552722332517
0.0005301335588235293,-0.0005407664206310866
0.0005301435588235294,0.01405788581360121
0.0005301535588235293,0.02135721193065761
0.0005301635588235294,0.03595586416481357
0.0005301735588235293,0.02135721193070077
0.0005301835588235294,0.02865653804771734
0.0005301935588235293,0.01040822275507633
0.0005302035588235294,0.02135721193066757
0.0005302135588235293,0.02135721193066757
0.0005302235588235294,0.02500687498922067
0.0005302335588235293,0.03230620110627708
0.0005302435588235293,0.03230620110631691
0.0005302535588235294,0.01405788581355142
0.0005302635588235293,0.01040822275502322
0.0005302735588235294,0.01040822275501824
0.0005302835588235293,0.01040822275501824
0.0005302935588235294,0.0177075488720929
0.0005303035588235293,0.0067585596965083
0.0005303135588235294,0.03230620110630695
0.0005303235588235293,0.02500687498925054
0.0005303335588235294,0.01405788581356636
0.0005303435588235294,0.01040822275498173
0.0005303535588235293,0.003108896637925329
0.0005303635588235294,0.02135721193068251
0.0005303735588235293,0.02500687498921071
0.0005303835588235294,0.003108896637895455
0.0005303935588235293,-0.004190429479160947
0.0005304035588235294,0.006758559696485064
0.0005304135588235293,0.01405788581354146
0.0005304235588235294,0.02135721193065761
0.0005304335588235293,0.01040822275507301
0.0005304435588235294,0.02865653804776713
0.0005304535588235294,0.02500687498910781
0.0005304635588235293,0.003108896637938605
0.0005304735588235294,-0.007840092537677529
0.0005304835588235293,0.006758559696441912
0.0005304935588235294,0.01770754887213771
0.0005305035588235293,0.02500687498919411
0.0005305135588235294,-0.007840092537690807
0.0005305235588235293,0.0140578858134784
0.0005305335588235294,0.006758559696465148
0.0005305435588235293,0.003108896637936946
0.0005305535588235293,0.006758559696468467
0.0005305635588235294,0.0177075488721344
0.0005305735588235293,0.02135721193066259
0.0005305835588235294,0.01770754887217091
0.0005305935588235293,0.03230620110628371
0.0005306035588235294,0.01040822275498837
0.0005306135588235293,-0.0005407664205962347
0.0005306235588235294,0.01770754887208792
0.0005306335588235293,-0.004190429479081284
0.0005306435588235294,0.01040822275501824
0.0005306535588235294,0.01040822275499833
0.0005306635588235293,0.006758559696470127
0.0005306735588235294,0.03595586416470072
0.0005306835588235293,-0.0005407664205646992
0.0005306935588235294,0.01405788581353317
0.0005307035588235293,0.003108896637948564
0.0005307135588235294,0.02500687498920905
0.0005307235588235293,0.02135721193068085
0.0005307335588235294,0.02500687498919743
0.0005307435588235293,0.01040822275508463
0.0005307535588235294,0.02135721193066757
0.0005307635588235294,0.02135721193063106
0.0005307735588235293,0.01405788581357466
0.0005307835588235294,0.01040822275500331
0.0005307935588235293,0.006758559696475106
0.0005308035588235294,0.03230620110627044
0.0005308135588235293,0.01770754887215763
0.0005308235588235294,0.01040822275503816
0.0005308335588235293,0.02135721193062276
0.0005308435588235294,0.01405788581356802
0.0005308535588235293,0.01405788581356802
0.0005308635588235294,0.006758559696468467
0.0005308735588235294,0.01405788581369581
0.0005308835588235293,0.03960552722339322
0.0005308935588235294,0.0359558641647339
0.0005309035588235293,-0.0005407664205481014
0.0005309135588235294,0.003108896637958522
0.0005309235588235293,0.01770754887207133
0.0005309335588235294,0.01040822275503152
0.0005309435588235293,0.01770754887208792
0.0005309535588235294,0.01770754887213771
0.0005309635588235293,0.03960552722329695
0.0005309735588235293,0.01770754887212776
0.0005309835588235294,0.0213572119305016
0.0005309935588235293,-0.0151394186547804
0.0005310035588235294,0.01040822275500497
0.0005310135588235293,0.006758559696476766
0.0005310235588235294,0.006758559696498342
0.0005310335588235293,0.01770754887207797
0.0005310435588235294,0.003108896637913711
0.0005310535588235293,-0.0005407664206144901
0.0005310635588235294,0.02135721193066093
0.0005310735588235294,0.006758559696488383
0.0005310835588235293,0.01040822275501658
0.0005310935588235294,0.02135721193068417
0.0005311035588235293,0.02500687498921071
0.0005311135588235294,0.003108896637976778
0.0005311235588235293,0.02135721193061778
0.0005311335588235294,0.02500687498920075
0.0005311435588235293,0.01770754887214435
0.0005311535588235294,0.0177075488721178
0.0005311635588235293,0.0177075488721178
0.0005311735588235294,0.02135721193066757
0.0005311835588235294,0.01770754887213605
0.0005311935588235293,0.02135721193066425
0.0005312035588235294,0.03230620110619741
0.0005312135588235293,0.0031088966379718
0.0005312235588235294,0.00310889663791869
0.0005312335588235293,0.00310889663791869
0.0005312435588235294,0.01770754887209788
0.0005312535588235293,0.006758559696513278
0.0005312635588235294,0.02135721193066093
0.0005312735588235293,0.01405788581360453
0.0005312835588235294,0.0177075488721178
0.0005312935588235294,0.02135721193058459
0.0005313035588235293,0.003108896637935288
0.0005313135588235294,-0.0005407664205912545
0.0005313235588235293,0.01040822275499335
0.0005313335588235294,0.01405788581358794
0.0005313435588235293,0.02135721193064434
0.0005313535588235294,0.02135721193063438
0.0005313635588235293,0.003108896637993377
0.0005313735588235294,0.01770754887210784
0.0005313835588235293,0.006758559696528216
0.0005313935588235293,0.006758559696468467
0.0005314035588235294,0.01405788581360121
0.0005314135588235293,0.02135721193065761
0.0005314235588235294,-0.004190429479180863
0.0005314335588235293,-0.004190429479180863
0.0005314435588235294,0.003108896637935287
0.0005314535588235293,0.01040822275499169
0.0005314635588235294,0.006758559696468467
0.0005314735588235293,0.006758559696468467
0.0005314835588235294,0.003108896637926988
0.0005314935588235294,0.02135721193060782
0.0005315035588235293,0.01040822275502322
0.0005315135588235294,0.02135721193065264
0.0005315235588235293,0.01770754887212444
0.0005315335588235294,0.01040822275502986
0.0005315435588235293,0.01405788581355806
0.0005315535588235294,0.03230620110627541
0.0005315635588235293,0.01405788581363441
0.0005315735588235294,0.006758559696478425
0.0005315835588235293,0.01770754887206303
0.0005315935588235294,0.0177075488721178
0.0005316035588235294,0.02135721193052152
0.0005316135588235293,-0.007840092537704083
0.0005316235588235294,0.006758559696498342
0.0005316335588235293,0.01405788581355474
0.0005316435588235294,0.01405788581358794
0.0005316535588235293,0.02135721193064434
0.0005316635588235294,0.01770754887207797
0.0005316735588235293,-0.004190429479091241
0.0005316835588235294,0.01040822275502156
0.0005316935588235293,0.01405788581354976
0.0005317035588235293,-0.004190429479180863
0.0005317135588235294,0.006758559696518257
0.0005317235588235293,0.01770754887210286
0.0005317335588235294,-0.007840092537690807
0.0005317435588235293,0.003108896637893795
0.0005317535588235294,-0.01148975559621071
0.0005317635588235293,0.0140578858134867
0.0005317735588235294,0.01405788581355474
0.0005317835588235293,0.00675855969650166
0.0005317935588235294,0.01770754887211282
0.0005318035588235293,0.006758559696528216
0.0005318135588235293,0.02135721193066093
0.0005318235588235294,0.0177075488721178
0.0005318335588235293,0.0177075488721178
0.0005318435588235294,0.01040822275496513
0.0005318535588235293,-0.004190429479141031
0.0005318635588235294,0.006758559696485064
0.0005318735588235293,0.01405788581354146
0.0005318835588235294,0.006758559696473446
0.0005318935588235293,0.01040822275500165
0.0005319035588235294,0.01770754887211614
0.0005319135588235294,0.01405788581344852
0.0005319235588235293,-0.007840092537710725
0.0005319335588235294,0.0177075488721178
0.0005319435588235293,0.0177075488721178
0.0005319535588235294,0.02135721193059787
0.0005319635588235293,-0.0005407664205713397
0.0005319735588235294,0.02500687498921735
0.0005319835588235293,0.02500687498921735
0.0005319935588235294,0.006758559696465148
0.0005320035588235293,0.003108896637936946
0.0005320135588235294,0.01405788581356802
0.0005320235588235294,0.006758559696559749
0.0005320335588235293,0.02500687498920075
0.0005320435588235294,0.003108896637933627
0.0005320535588235293,0.006758559696461828
0.0005320635588235294,0.006758559696478425
0.0005320735588235293,0.01040822275500663
0.0005320835588235294,0.01040822275502488
0.0005320935588235293,0.01405788581355308
0.0005321035588235294,0.02135721193065761
0.0005321135588235293,0.01040822275507301
0.0005321235588235293,0.01405788581356802
0.0005321335588235294,0.01405788581355142
0.0005321435588235293,0.01040822275502322
0.0005321535588235294,-0.0005407664206310866
0.0005321635588235293,-0.0005407664206310866
0.0005321735588235294,0.0177075488721178
0.0005321835588235293,0.0177075488721178
0.0005321935588235294,0.0177075488721178
0.0005322035588235293,0.0177075488721178
0.0005322135588235294,0.02135721193066923
0.0005322235588235294,0.02500687498911777
0.0005322335588235293,0.006758559696476766
0.0005322435588235294,0.01405788581353483
0.0005322535588235293,0.006758559696478425
0.0005322635588235294,0.01040822275507633
0.0005322735588235293,0.02865653804771734
0.0005322835588235294,0.01040822275502654
0.0005322935588235293,0.01405788581355474
0.0005323035588235294,0.01040822275501327
0.0005323135588235293,0.006758559696485063
0.0005323235588235294,0.006758559696471786
0.0005323335588235294,0.01405788581360453
0.0005323435588235293,0.02135721193066093
0.0005323535588235294,0.02135721193062276
0.0005323635588235293,0.01040822275503816
0.0005323735588235294,0.006758559696491703
0.0005323835588235293,0.0140578858135481
0.0005323935588235294,-0.0005407664205912545
0.0005324035588235293,0.02135721193057795
0.0005324135588235294,0.01405788581356138
0.0005324235588235293,0.006758559696504979
0.0005324335588235294,0.01405788581356802
0.0005324435588235294,0.01405788581358628
0.0005324535588235293,0.01770754887211448
0.0005324635588235294,0.01405788581348836
0.0005324735588235293,-0.007840092537680849
0.0005324835588235294,0.006758559696458509
0.0005324935588235293,0.003108896637930308
0.0005325035588235294,0.01770754887211116
0.0005325135588235293,0.01405788581358296
0.0005325235588235294,0.01040822275501824
0.0005325335588235293,0.01040822275501824
0.0005325435588235293,-0.004190429479174225
0.0005325535588235294,0.003108896638001674
0.0005325635588235293,0.02135721193064267
0.0005325735588235294,0.01040822275501824
0.0005325835588235293,0.01040822275501824
0.0005325935588235294,0.01040822275500829
0.0005326035588235293,0.006758559696481745
0.0005326135588235294,0.01405788581356304
0.0005326235588235293,0.01040822275503484
0.0005326335588235294,0.0177075488721178
0.0005326435588235294,0.01770754887209788
0.0005326535588235293,0.01405788581356968
0.0005326635588235294,0.02500687498916756
0.0005326735588235293,0.01405788581358794
0.0005326835588235294,0.01405788581354478
0.0005326935588235293,0.006758559696488383
0.0005327035588235294,0.006758559696485064
0.0005327135588235293,0.01405788581354146
0.0005327235588235294,0.006758559696468467
0.0005327335588235293,0.006758559696468467
0.0005327435588235294,-0.0005407664206310866
0.0005327535588235294,0.02135721193059455
0.0005327635588235293,0.006758559696481745
0.0005327735588235294,-0.004190429479061367
0.0005327835588235293,0.02500687498916424
0.0005327935588235294,0.003108896637941925
0.0005328035588235293,0.01040822275499833
0.0005328135588235294,0.02135721193067421
0.0005328235588235293,0.02500687498920241
0.0005328335588235294,0.0140578858135813
0.0005328435588235293,0.0286565380476941
0.0005328535588235294,0.01040822275501824
0.0005328635588235294,0.01040822275501824
0.0005328735588235293,0.01040822275501824
0.0005328835588235294,0.006758559696481745
0.0005328935588235293,0.01040822275500995
0.0005329035588235294,0.003108896637958522
0.0005329135588235293,0.01770754887207133
0.0005329235588235294,0.02135721193067421
0.0005329335588235293,0.02500687498920241
0.0005329435588235294,0.01405788581357134
0.0005329535588235293,0.01770754887209788
0.0005329635588235293,0.01040822275502156
0.0005329735588235294,0.02135721193066757
0.0005329835588235293,0.02135721193066757
0.0005329935588235294,-0.004190429479167586
0.0005330035588235293,-0.0005407664206393851
0.0005330135588235294,0.01770754887214269
0.0005330235588235293,0.02865653804772729
0.0005330335588235294,0.01040822275501824
0.0005330435588235293,0.01040822275501824
0.0005330535588235294,0.01405788581356636
0.0005330635588235294,0.01040822275503816
0.0005330735588235293,0.01405788581356636
0.0005330835588235294,0.02865653804770738
0.0005330935588235293,0.01405788581359457
0.0005331035588235294,0.006758559696468467
0.0005331135588235293,0.006758559696468467
0.0005331235588235294,0.02135721193061778
0.0005331335588235293,-0.0005407664205514216
0.0005331435588235294,0.01405788581357798
0.0005331535588235293,0.02135721193063438
0.0005331635588235294,0.0177075488721178
0.0005331735588235294,0.003108896637882177
0.0005331835588235293,-0.004190429479174224
0.0005331935588235294,-0.01148975559616092
0.0005332035588235293,0.01770754887206469
0.0005332135588235294,0.006758559696458509
0.0005332235588235293,0.003108896637930308
0.0005332335588235294,0.01040822275502488
0.0005332435588235293,0.01405788581355308
0.0005332535588235294,0.02500687498921403
0.0005332635588235293,0.02135721193068583
0.0005332735588235293,0.02865653804776713
0.0005332835588235294,0.01770754887206801
0.0005332935588235293,0.006758559696483405
0.0005333035588235294,0.01040822275500497
0.0005333135588235293,0.006758559696476766
0.0005333235588235294,0.0250068749891576
0.0005333335588235293,0.003108896637988395
0.0005333435588235294,-0.0005407664205912545
0.0005333535588235293,0.02135721193057795
0.0005333635588235294,0.006758559696465148
0.0005333735588235293,-0.0005407664205912552
0.0005333835588235293,0.01040822275501327
0.0005333935588235294,0.01405788581355142
0.0005334035588235293,0.01040822275502322
0.0005334135588235294,0.01405788581354146
0.0005334235588235293,0.006758559696485064
0.0005334335588235294,0.01040822275500165
0.0005334435588235293,0.003108896637945245
0.0005334535588235294,0.01770754887212278
0.0005334635588235293,0.02135721193065097
0.0005334735588235294,-0.007840092537725661
0.0005334835588235294,0.00310889663801827
0.0005334935588235293,0.02135721193065097
0.0005335035588235294,0.02135721193069745
0.0005335135588235293,0.02865653804775385
0.0005335235588235294,-0.0005407664206194689
0.0005335335588235293,0.003108896637908732
0.0005335435588235294,0.01405788581355142
0.0005335535588235293,0.006758559696495022
0.0005335635588235294,0.01405788581356138
0.0005335735588235293,0.006758559696504979
0.0005335835588235294,0.006758559696468467
0.0005335935588235294,0.02135721193064932
0.0005336035588235293,0.01770754887212112
0.0005336135588235294,0.003108896637978438
0.0005336235588235293,0.01770754887209124
0.0005336335588235294,0.003108896637928648
0.0005336435588235293,0.00675855969645685
0.0005336535588235294,0.00310889663791869
0.0005336635588235293,0.00310889663791869
0.0005336735588235294,0.01405788581356138
0.0005336835588235293,0.006758559696504979
0.0005336935588235293,0.02135721193066757
0.0005337035588235294,0.03230620110621733
0.0005337135588235293,0.01040822275504812
0.0005337235588235294,0.01405788581355474
0.0005337335588235293,0.01040822275502654
0.0005337435588235294,0.05055451639898612
0.0005337535588235293,0.02135721193076051
0.0005337635588235294,0.03595586416480693
0.0005337735588235293,-0.007840092537531478
0.0005337835588235294,0.0177075488721178
0.0005337935588235293,0.0177075488721178
0.0005338035588235293,0.02500687498921403
0.0005338135588235294,0.02500687498923395
0.0005338235588235293,0.02865653804776215
0.0005338335588235294,0.0104082227550531
0.0005338435588235293,0.0213572119306377
0.0005338535588235294,0.01040822275499335
0.0005338635588235293,-0.0005407664205912543
0.0005338735588235294,0.014057885813573
0.0005338835588235293,0.0177075488721012
0.0005338935588235294,0.006758559696476765
0.0005339035588235294,0.02500687498916258
0.0005339135588235293,0.01405788581357798
0.0005339235588235294,0.02135721193060782
0.0005339335588235293,0.006758559696495022
0.0005339435588235294,0.003108896637907072
0.0005339535588235293,-0.0005407664206211285
0.0005339635588235294,0.006758559696476765
0.0005339735588235293,0.01040822275500331
0.0005339835588235294,0.01040822275503816
0.0005339935588235293,0.03230620110620737
0.0005340035588235294,0.006758559696468467
0.0005340135588235294,0.00310889663801827
0.0005340235588235293,0.02500687498919743
0.0005340335588235294,0.01040822275500497
0.0005340435588235293,0.006758559696475106
0.0005340535588235294,0.01770754887208792
0.0005340635588235293,0.006758559696498341
0.0005340735588235294,0.01405788581357466
0.0005340835588235293,0.0177075488721012
0.0005340935588235294,0.03230620110629367
0.0005341035588235293,0.00675855969660788
0.0005341135588235293,0.01405788581356802
0.0005341235588235294,0.03230620110628371
0.0005341335588235293,0.02500687498922399
0.0005341435588235294,0.02135721193066757
0.0005341535588235293,0.02135721193066757
0.0005341635588235294,0.02135721193062774
0.0005341735588235293,0.006758559696521577
0.0005341835588235294,0.02500687498920407
0.0005341935588235293,0.01770754887215099
0.0005342035588235294,0.02500687498921071
0.0005342135588235294,0.01770754887207797
0.0005342235588235293,0.01040822275502488
0.0005342335588235294,-0.0005407664205481029
0.0005342435588235293,0.01770754887208461
0.0005342535588235294,0.01770754887213108
0.0005342635588235293,0.02135721193065761
0.0005342735588235294,0.01040822275506803
0.0005342835588235293,0.02865653804770074
0.0005342935588235294,0.02135721193066757
0.0005343035588235293,0.02135721193066757
0.0005343135588235294,0.0177075488721178
0.0005343235588235294,0.01770754887217755
0.0005343335588235293,0.02865653804775717
0.0005343435588235294,0.006758559696508299
0.0005343535588235293,0.01770754887209788
0.0005343635588235294,0.01405788581357798
0.0005343735588235293,0.01770754887210784
0.0005343835588235294,0.02500687498921071
0.0005343935588235293,0.02135721193068085
0.0005344035588235294,0.0104082227550282
0.0005344135588235293,0.02135721193061778
0.0005344235588235294,0.01040822275501824
0.0005344335588235294,0.03230620110621733
0.0005344435588235293,0.01040822275503816
0.0005344535588235294,0.01770754887206469
0.0005344635588235293,0.003108896637945245
0.0005344735588235294,0.0104082227550282
0.0005344835588235293,0.01405788581355806
0.0005344935588235294,0.01405788581356802
0.0005345035588235293,0.01405788581356802
0.0005345135588235294,0.003108896637941925
0.0005345235588235293,0.02865653804762771
0.0005345335588235293,0.01405788581356802
0.0005345435588235294,0.03230620110615094
0.0005345535588235293,-0.00419042947911448
0.0005345635588235294,-0.007840092537650976
0.0005345735588235293,0.01405788581350827
0.0005345835588235294,-0.0005407664206211286
0.0005345935588235293,0.003108896637905412
0.0005346035588235294,0.02500687498919743
0.0005346135588235293,0.01405788581361781
0.0005346235588235294,0.01405788581356802
0.0005346335588235294,-0.0005407664206510028
0.0005346435588235293,-0.004190429479177544
0.0005346535588235294,0.02865653804771734
0.0005346635588235293,0.01770754887213771
0.0005346735588235294,0.006758559696468467
0.0005346835588235293,0.006758559696468467
0.0005346935588235294,0.02865653804772729
0.0005347035588235293,0.006758559696548132
0.0005347135588235294,0.02500687498920075
0.0005347235588235293,0.006758559696551449
0.0005347335588235294,0.01040822275501824
0.0005347435588235294,0.01040822275503816
0.0005347535588235293,0.0140578858135647
0.0005347635588235294,0.003108896637985077
0.0005347735588235293,0.02135721193063438
0.0005347835588235294,0.02500687498922731
0.0005347935588235293,0.02865653804775717
0.0005348035588235294,0.006758559696475106
0.0005348135588235293,0.01040822275500497
0.0005348235588235294,0.01040822275502488
0.0005348335588235293,0.01770754887207797
0.0005348435588235293,0.03960552722341645
0.0005348535588235294,0.01405788581361781
0.0005348635588235293,0.02500687498920739
0.0005348735588235294,0.01770754887203813
0.0005348835588235293,-0.004190429479141031
0.0005348935588235294,0.0177075488721178
0.0005349035588235293,0.0177075488721178
0.0005349135588235294,0.01040822275505808
0.0005349235588235293,0.03230620110621733
0.0005349335588235294,0.02135721193065429
0.0005349435588235293,0.006758559696548131
0.0005349535588235293,0.02865653804776713
0.0005349635588235294,0.01770754887215099
0.0005349735588235293,0.02500687498920407
0.0005349835588235294,0.02135721193068085
0.0005349935588235293,0.02500687498920739
0.0005350035588235294,0.02865653804773725
0.0005350135588235293,0.01770754887215763
0.0005350235588235294,0.01770754887213108
0.0005350335588235293,0.02500687498918416
0.0005350435588235294,0.01040822275501824
0.0005350535588235294,0.02865653804776713
0.0005350635588235293,0.02865653804776713
0.0005350735588235294,0.003108896637951883
0.0005350835588235293,0.01040822275500497
0.0005350935588235294,0.02500687498925718
0.0005351035588235293,0.03595586416483681
0.0005351135588235294,0.02135721193066757
0.0005351235588235293,0.02135721193066757
0.0005351335588235294,0.03230620110629367
0.0005351435588235293,0.006758559696584645
0.0005351535588235294,0.01405788581356802
0.0005351635588235294,0.014057885813651
0.0005351735588235293,0.03230620110630031
0.0005351835588235294,0.01405788581355474
0.0005351935588235293,0.01040822275502488
0.0005352035588235294,0.02500687498918747
0.0005352135588235293,0.01405788581359789
0.0005352235588235294,0.01770754887213771
0.0005352335588235293,0.02865653804772729
0.0005352435588235294,0.02865653804776381
0.0005352535588235293,0.02500687498923726
0.0005352635588235293,0.02500687498921735
0.0005352735588235294,0.006758559696468467
0.0005352835588235293,0.006758559696468467
0.0005352935588235294,0.01405788581362113
0.0005353035588235293,0.02865653804774057
0.0005353135588235294,0.0177075488721178
0.0005353235588235293,0.0177075488721178
0.0005353335588235294,0.02865653804773393
0.0005353435588235293,0.01040822275510123
0.0005353535588235294,0.02135721193065429
0.0005353635588235293,0.006758559696548131
0.0005353735588235293,0.02135721193066757
0.0005353835588235294,0.01405788581358462
0.0005353935588235293,0.01770754887211116
0.0005354035588235294,0.02500687498925718
0.0005354135588235293,0.03595586416483681
0.0005354235588235294,0.01405788581351823
0.0005354335588235293,-0.004190429479114475
0.0005354435588235294,0.006758559696478425
0.0005354535588235293,0.01770754887206801
0.0005354635588235294,0.03960552722341645
0.0005354735588235294,0.006758559696468467
0.0005354835588235293,0.006758559696468467
0.0005354935588235294,0.01405788581361781
0.0005355035588235293,0.02500687498919743
0.0005355135588235294,0.01040822275499833
0.0005355235588235293,0.003108896637938606
0.0005355335588235294,0.02135721193064766
0.0005355435588235293,0.01040822275505808
0.0005355535588235294,0.01405788581357466
0.0005355635588235293,0.02135721193063438
0.0005355735588235294,0.01040822275501824
0.0005355835588235294,0.02865653804766755
0.0005355935588235293,0.006758559696488382
0.0005356035588235294,-0.007840092537624421
0.0005356135588235293,0.02135721193061446
0.0005356235588235294,0.006758559696548132
0.0005356335588235293,0.03595586416478701
0.0005356435588235294,0.02500687498918416
0.0005356535588235293,0.006758559696551449
0.0005356635588235294,0.02135721193066425
0.0005356735588235293,0.01770754887213771
0.0005356835588235293,-0.0005407664206310866
0.0005356935588235294,0.01040822275506803
0.0005357035588235293,0.02135721193065761
0.0005357135588235294,0.01040822275503152
0.0005357235588235293,0.01405788581355806
0.0005357335588235294,0.02500687498914764
0.0005357435588235293,-0.0005407664205381441
0.0005357535588235294,0.003108896637925329
0.0005357635588235293,0.006758559696451871
0.0005357735588235294,0.01405788581355806
0.0005357835588235293,0.003108896637978439
0.0005357935588235293,0.006758559696465148
0.0005358035588235294,0.01405788581355142
0.0005358135588235293,0.01040822275502488
0.0005358235588235294,0.006758559696508299
0.0005358335588235293,0.01770754887208793
0.0005358435588235294,0.0104082227550282
0.0005358535588235293,0.01405788581355474
0.0005358635588235294,0.003108896637922009
0.0005358735588235293,0.006758559696451871
0.0005358835588235294,0.01405788581356802
0.0005358935588235294,0.01770754887209788
0.0005359035588235293,0.01405788581357134
0.0005359135588235294,0.006758559696455189
0.0005359235588235293,0.003108896637925329
0.0005359335588235294,-0.0005407664205912545
0.0005359435588235293,0.01405788581352819
0.0005359535588235294,-0.0005407664206178093
0.0005359635588235293,0.006758559696441912
0.0005359735588235294,0.006758559696475106
0.0005359835588235293,0.01405788581353483
0.0005359935588235294,0.01040822275501824
0.0005360035588235294,0.01405788581353483
0.0005360135588235293,0.006758559696475106
0.0005360235588235294,-0.0005407664205514223
0.0005360335588235293,0.02135721193062774
0.0005360435588235294,-0.01148975559625054
0.0005360535588235293,-0.0005407664206609607
0.0005360635588235294,0.006758559696448551
0.0005360735588235293,-0.004190429479131074
0.0005360835588235294,0.006758559696475106
0.0005360935588235293,0.01405788581352819
0.0005361035588235293,0.006758559696468467
0.0005361135588235294,0.006758559696418677
0.0005361235588235293,-0.004190429479160948
0.0005361335588235294,0.003108896638011632
0.0005361435588235293,0.02865653804769742
0.0005361535588235294,0.01405788581356802
0.0005361635588235293,0.01405788581356802
0.0005361735588235294,0.01040822275502488
0.0005361835588235293,0.01405788581355142
0.0005361935588235294,0.02135721193066757
0.0005362035588235294,0.01405788581358794
0.0005362135588235293,0.01770754887211448
0.0005362235588235294,0.006758559696485064
0.0005362335588235293,0.01040822275501161
0.0005362435588235294,-0.004190429479074644
0.0005362535588235293,0.02500687498913768
0.0005362635588235294,0.01405788581356138
0.0005362735588235293,0.01040822275503152
0.0005362835588235294,-0.000540766420634406
0.0005362935588235293,-0.004190429479164266
0.0005363035588235294,0.00310889663791869
0.0005363135588235294,0.01405788581352819
0.0005363235588235293,0.006758559696475106
0.0005363335588235294,0.006758559696481745
0.0005363435588235293,0.01040822275501161
0.0005363535588235294,0.006758559696438592
0.0005363635588235293,-0.00419042947915099
0.0005363735588235294,0.003108896637925329
0.0005363835588235293,0.006758559696455189
0.0005363935588235294,0.00310889663791869
0.0005364035588235293,0.00310889663791869
0.0005364135588235294,0.01040822275501824
0.0005364235588235294,0.006758559696485064
0.0005364335588235293,0.01040822275501492
0.0005364435588235294,0.01770754887209124
0.0005364535588235293,0.01040822275503152
0.0005364635588235294,0.003108896637908732
0.0005364735588235293,-0.0005407664206178091
0.0005364835588235294,-0.004190429479174224
0.0005364935588235293,-0.0005407664206476832
0.0005365035588235294,0.003108896637935287
0.0005365135588235293,0.02135721193056799
0.0005365235588235293,0.01040822275501824
0.0005365335588235294,0.006758559696468467
0.0005365435588235293,0.006758559696468467
0.0005365535588235294,0.006758559696455189
0.0005365635588235293,0.003108896637928648
0.0005365735588235294,-0.01148975559619079
0.0005365835588235293,0.02135721193054808
0.0005365935588235294,0.01040822275500497
0.0005366035588235293,0.003108896637951883
0.0005366135588235294,0.00310889663791869
0.0005366235588235294,-0.004190429479141031
0.0005366335588235293,0.003108896637912051
0.0005366435588235294,0.01405788581348504
0.0005366535588235293,-0.00419042947914767
0.0005366635588235294,-0.0005407664205514223
0.0005366735588235293,0.02135721193060782
0.0005366835588235294,-0.0005407664205846158
0.0005366935588235293,0.02500687498912441
0.0005367035588235294,0.006758559696478425
0.0005367135588235293,0.01770754887206801
0.0005367235588235294,0.0177075488721178
0.0005367335588235294,-0.0005407664205115901
0.0005367435588235293,0.02135721193064766
0.0005367535588235294,0.02500687498911113
0.0005367635588235293,-0.004190429479127754
0.0005367735588235294,-0.0005407664206211286
0.0005367835588235293,0.003108896637908732
0.0005367935588235294,-0.0005407664206178093
0.0005368035588235293,0.006758559696441912
0.0005368135588235294,-0.007840092537714043
0.0005368235588235293,0.01040822275491866
0.0005368335588235293,-0.007840092537730639
0.0005368435588235294,0.01040822275500165
0.0005368535588235293,0.006758559696471786
0.0005368635588235294,0.003108896637945245
0.0005368735588235293,0.01040822275500497
0.0005368835588235294,-0.004190429479180863
0.0005368935588235293,-0.004190429479180863
0.0005369035588235294,-0.000540766420624448
0.0005369135588235293,0.003108896637902093
0.0005369235588235294,-0.004190429479177544
0.0005369335588235293,-0.0005407664206510026
0.0005369435588235293,0.0177075488721178
0.0005369535588235294,-0.004190429479131073
0.0005369635588235293,0.006758559696448552
0.0005369735588235294,0.00310889663791869
0.0005369835588235293,0.00310889663791869
0.0005369935588235294,0.01405788581355806
0.0005370035588235293,0.01040822275503152
0.0005370135588235294,0.0213572119306211
0.0005370235588235293,-0.004190429479064686
0.0005370335588235294,-0.004190429479180863
0.0005370435588235294,-0.00784009253767089
0.0005370535588235293,0.003108896637908733
0.0005370635588235294,0.01405788581351823
0.0005370735588235293,0.003108896637938606
0.0005370835588235294,-0.004190429479160947
0.0005370935588235293,0.003108896637898774
0.0005371035588235294,0.006758559696435274
0.0005371135588235293,-0.01148975559621403
0.0005371235588235294,0.01405788581355806
0.0005371335588235293,0.00310889663796848
0.0005371435588235294,-0.004190429479180863
0.0005371535588235294,0.003108896637935287
0.0005371635588235293,0.006758559696465148
0.0005371735588235294,-0.004190429479180863
0.0005371835588235293,-0.004190429479180863
0.0005371935588235294,-0.0005407664205713383
0.0005372035588235293,0.02135721193060782
0.0005372135588235294,-0.007840092537717362
0.0005372235588235293,-0.0005407664206576422
0.0005372335588235294,0.01040822275501161
0.0005372435588235293,0.003108896637958522
0.0005372535588235293,0.006758559696468467
0.0005372635588235294,0.01040822275505144
0.0005372735588235293,0.01770754887211116
0.0005372835588235294,-0.004190429479180863
0.0005372935588235293,-0.004190429479180863
0.0005373035588235294,0.003108896637928648
0.0005373135588235293,0.006758559696455189
0.0005373235588235294,0.02865653804774057
0.0005373335588235293,0.01405788581363441
0.0005373435588235294,-0.007840092537710723
0.0005373535588235293,0.01405788581344852
0.0005373635588235293,-0.0005407664206178095
0.0005373735588235294,0.003108896637935287
0.0005373835588235293,0.006758559696461828
0.0005373935588235294,0.01040822275500497
0.0005374035588235293,0.006758559696478425
0.0005374135588235294,0.0140578858135481
0.0005374235588235293,0.006758559696495022
0.0005374335588235294,0.003108896637935287
0.0005374435588235293,0.02135721193058459
0.0005374535588235294,0.02135721193066757
0.0005374635588235294,0.01040822275503816
0.0005374735588235293,0.0140578858135647
0.0005374835588235294,0.00675855969650166
0.0005374935588235293,0.01405788581355474
0.0005375035588235294,0.01405788581353815
0.0005375135588235293,0.003108896637948564
0.0005375235588235294,0.003108896637892135
0.0005375335588235293,-0.01148975559622731
0.0005375435588235294,0.006758559696461828
0.0005375535588235293,-0.000540766420597894
0.0005375635588235294,0.0177075488721178
0.0005375735588235294,0.003108896637885496
0.0005375835588235293,-0.004190429479174224
0.0005375935588235294,-0.007840092537664253
0.0005376035588235293,0.01040822275498505
0.0005376135588235294,0.006758559696488383
0.0005376235588235293,0.0140578858135481
0.0005376335588235294,-0.004190429479187502
0.0005376435588235293,-0.007840092537714043
0.0005376535588235294,0.01040822275500829
0.0005376635588235293,-0.000540766420571338
0.0005376735588235293,0.00310889663791869
0.0005376835588235294,0.006758559696435274
0.0005376935588235293,-0.0005407664206244483
0.0005377035588235294,0.02135721193064102
0.0005377135588235293,0.01405788581358794
0.0005377235588235294,0.006758559696468467
0.0005377335588235293,0.006758559696468467
0.0005377435588235294,-0.007840092537710723
0.0005377535588235293,0.0031088966378689
0.0005377635588235294,0.01405788581356802
0.0005377735588235294,0.006758559696448551
0.0005377835588235293,0.003108896637922009
0.0005377935588235294,0.006758559696485064
0.0005378035588235293,0.01040822275501161
0.0005378135588235294,0.006758559696455189
0.0005378235588235293,0.003108896637928648
0.0005378335588235294,0.01405788581352155
0.0005378435588235293,-0.01148975559618747
0.0005378535588235294,0.01405788581356802
0.0005378635588235293,0.01405788581356802
0.0005378735588235294,-0.0005407664206310866
0.0005378835588235294,0.006758559696428635
0.0005378935588235293,-0.0005407664206244483
0.0005379035588235294,0.01040822275501824
0.0005379135588235293,0.01040822275501824
0.0005379235588235294,0.006758559696408719
0.0005379335588235293,-0.01513941865477044
0.0005379435588235294,0.006758559696475106
0.0005379535588235293,0.01040822275500497
0.0005379635588235294,0.01770754887211116
0.0005379735588235293,0.01040822275505808
0.0005379835588235294,0.01040822275501824
0.0005379935588235294,0.01040822275506803
0.0005380035588235293,0.02135721193065761
0.0005380135588235294,0.02500687498915096
0.0005380235588235293,0.006758559696501659
0.0005380335588235294,0.00310889663791869
0.0005380435588235293,0.00310889663791869
0.0005380535588235294,-0.0005407664206178093
0.0005380635588235293,0.006758559696435275
0.0005380735588235294,0.02500687498920407
0.0005380835588235293,0.01040822275509791
0.0005380935588235293,-0.01148975559628042
0.0005381035588235294,0.02865653804770074
0.0005381135588235293,0.01405788581359457
0.0005381235588235294,0.01405788581355474
0.0005381335588235293,0.0104082227550282
0.0005381435588235294,0.003108896637908732
0.0005381535588235293,-0.0005407664206178091
0.0005381635588235294,0.01040822275503152
0.0005381735588235293,0.01770754887208461
0.0005381835588235294,-0.0005407664206310866
0.0005381935588235294,0.006758559696408719
0.0005382035588235293,-0.004190429479170907
0.0005382135588235294,-0.0005407664205481029
0.0005382235588235293,0.01770754887208461
0.0005382335588235294,-0.000540766420644364
0.0005382435588235293,-0.004190429479170905
0.0005382535588235294,0.01405788581357466
0.0005382635588235293,0.01770754887210452
0.0005382735588235294,0.01040822275501493
0.0005382835588235293,0.006758559696485063
0.0005382935588235294,0.02865653804776713
0.0005383035588235294,0.01405788581352819
0.0005383135588235293,0.006758559696475106
0.0005383235588235294,0.00310889663791869
0.0005383335588235293,0.00310889663791869
0.0005383435588235294,-0.004190429479190821
0.0005383535588235293,-0.00784009253772068
0.0005383635588235294,-0.01878908171330694
0.0005383735588235293,0.02135721193052152
0.0005383835588235294,0.003108896637925329
0.0005383935588235293,0.01040822275497841
0.0005384035588235293,-0.01513941865483019
0.0005384135588235294,-0.004190429479131073
0.0005384235588235293,0.006758559696458511
0.0005384335588235294,0.003108896637945245
0.0005384435588235293,0.01040822275500497
0.0005384535588235294,0.01040822275497841
0.0005384635588235293,-0.004190429479127754
0.0005384735588235294,0.003108896637931968
0.0005384835588235293,0.01040822275498505
0.0005384935588235294,0.003108896637931968
0.0005385035588235293,0.01770754887203813
0.0005385135588235293,0.01040822275501824
0.0005385235588235294,0.01405788581356802
0.0005385335588235293,0.01405788581356802
0.0005385435588235294,-0.007840092537704084
0.0005385535588235293,-0.0005407664206510034
0.0005385635588235294,0.01040822275500829
0.0005385735588235293,0.006758559696481745
0.0005385835588235294,0.006758559696441912
0.0005385935588235293,-0.007840092537664253
0.0005386035588235294,0.006758559696468467
0.0005386135588235294,-0.004190429478921954
0.0005386235588235293,0.04325519028192308
0.0005386335588235294,0.00675855969650166
0.0005386435588235293,0.01405788581355474
0.0005386535588235294,0.003108896637905412
0.0005386635588235293,-0.0005407664206211285
0.0005386735588235294,0.006758559696461828
0.0005386835588235293,0.003108896637931968
0.0005386935588235294,-0.0005407664206277672
0.0005387035588235293,0.003108896637902093
0.0005387135588235294,0.0177075488721178
0.0005387235588235294,0.01040822275500165
0.0005387335588235293,0.006758559696471786
0.0005387435588235294,0.01405788581356802
0.0005387535588235293,0.01405788581356802
0.0005387635588235294,0.003108896637928648
0.0005387735588235293,0.006758559696458509
0.0005387835588235294,0.02135721193062774
0.0005387935588235293,-0.0005407664205514216
0.0005388035588235294,-0.0005407664206178093
0.0005388135588235293,0.01405788581348836
0.0005388235588235293,0.006758559696468467
0.0005388335588235294,0.01040822275496845
0.0005388435588235293,-0.0005407664206211298
0.0005388535588235294,0.006758559696481745
0.0005388635588235293,0.01040822275501161
0.0005388735588235294,0.01405788581355806
0.0005388835588235293,0.01040822275503152
0.0005388935588235294,0.01040822275498505
0.0005389035588235293,-0.007840092537647655
0.0005389135588235294,0.006758559696461828
0.0005389235588235293,-0.0005407664205912552
0.0005389335588235293,0.006758559696461828
0.0005389435588235294,0.006758559696485064
0.0005389535588235293,0.01040822275501161
0.0005389635588235294,0.0177075488721178
0.0005389735588235293,0.0177075488721178
0.0005389835588235294,0.01040822275496845
0.0005389935588235293,-0.00784009253766425
0.0005390035588235294,0.01405788581357798
0.0005390135588235293,0.02500687498916756
0.0005390235588235294,-0.0005407664206310866
0.0005390335588235294,0.006758559696468467
0.0005390435588235293,0.006758559696468467
0.0005390535588235294,0.0177075488721178
0.0005390635588235293,0.0177075488721178
0.0005390735588235294,0.01405788581352819
0.0005390835588235293,-0.0005407664205912543
0.0005390935588235294,0.02135721193063438
0.0005391035588235293,0.003108896637985078
0.0005391135588235294,0.003108896637922009
0.0005391235588235293,0.006758559696451871
0.0005391335588235294,0.02865653804776713
0.0005391435588235294,0.00310889663801827
0.0005391535588235293,0.02500687498919743
0.0005391635588235294,-0.0260884078303733
0.0005391735588235293,0.00310889663786558
0.0005391835588235294,0.006758559696478425
0.0005391935588235293,0.01040822275500829
0.0005392035588235294,0.02135721193064766
0.0005392135588235293,0.01040822275505808
0.0005392235588235294,0.006758559696475106
0.0005392335588235293,0.01405788581352819
0.0005392435588235293,0.02135721193066757
0.0005392535588235294,0.006758559696468467
0.0005392635588235293,0.006758559696468467
0.0005392735588235294,0.01405788581348836
0.0005392835588235293,-0.007840092537670892
0.0005392935588235294,0.003108896637958522
0.0005393035588235293,0.01770754887206469
0.0005393135588235294,0.006758559696475106
0.0005393235588235293,0.01040822275500165
0.0005393335588235294,-0.0005407664206310866
0.0005393435588235294,0.003108896637978438
0.0005393535588235293,0.01405788581355806
0.0005393635588235294,-0.0005407664206144899
0.0005393735588235293,0.003108896637912051
0.0005393835588235294,0.01770754887207797
0.0005393935588235293,0.006758559696498341
0.0005394035588235294,0.02135721193064766
0.0005394135588235293,0.01040822275505808
0.0005394235588235294,0.01405788581355806
0.0005394335588235293,0.00310889663796848
0.0005394435588235294,-0.004190429479180863
0.0005394535588235294,-0.007840092537710723
0.0005394635588235293,-0.004190429479184183
0.0005394735588235294,-0.004190429479167586
0.0005394835588235293,-0.0005407664206377254
0.0005394935588235294,0.01040822275503816
0.0005395035588235293,0.01770754887209788
0.0005395135588235294,-0.0005407664206178093
0.0005395235588235293,0.006758559696441912
0.0005395335588235294,0.003108896637915371
0.0005395435588235293,-0.0005407664206111707
0.0005395535588235294,-0.0005407664206310866
0.0005395635588235294,0.00675855969645187
0.0005395735588235293,0.003108896637922009
0.0005395835588235294,0.01405788581355474
0.0005395935588235293,0.01040822275502488
0.0005396035588235294,0.0104082227550282
0.0005396135588235293,0.01405788581355474
0.0005396235588235294,0.00310889663791869
0.0005396335588235293,0.00310889663791869
0.0005396435588235294,0.01770754887210784
0.0005396535588235293,0.006758559696528216
0.0005396635588235293,0.02135721193066757
0.0005396735588235294,0.01770754887206801
0.0005396835588235293,0.006758559696488383
0.0005396935588235294,0.02500687498917752
0.0005397035588235293,0.01405788581359789
0.0005397135588235294,0.01040822275498837
0.0005397235588235293,-0.0005407664205912543
0.0005397335588235294,0.01040822275499833
0.0005397435588235293,-0.000540766420581297
0.0005397535588235294,0.00310889663791869
0.0005397635588235294,0.0140578858135481
0.0005397735588235293,0.01040822275502156
0.0005397835588235294,-0.0005407664205646996
0.0005397935588235293,0.01405788581354146
0.0005398035588235294,0.003108896637945245
0.0005398135588235293,0.01040822275499833
0.0005398235588235294,-0.004190429479160947
0.0005398335588235293,0.006758559696428635
0.0005398435588235294,0.0213572119306377
0.0005398535588235293,-0.01148975559613104
0.0005398635588235294,0.0177075488721178
0.0005398735588235294,0.01770754887213771
0.0005398835588235293,0.02135721193066425
0.0005398935588235294,-0.0005407664206045318
0.0005399035588235293,0.006758559696455189
0.0005399135588235294,0.006758559696438592
0.0005399235588235293,-0.00419042947915099
0.0005399335588235294,0.0140578858135481
0.0005399435588235293,0.003108896637958523
0.0005399535588235294,0.01040822275501824
0.0005399635588235293,0.01040822275501824
0.0005399735588235293,0.01040822275501824
0.0005399835588235294,0.01040822275503484
0.0005399935588235293,0.0140578858135647
0.0005400035588235294,0.006758559696428635
0.0005400135588235293,-0.004190429479160948
0.0005400235588235294,0.01770754887207797
0.0005400335588235293,0.0031088966379718
0.0005400435588235294,0.01770754887210452
0.0005400535588235293,0.01040822275505144
0.0005400635588235294,0.01405788581355474
0.0005400735588235293,-0.0005407664205514234
0.0005400835588235293,0.00310889663791869
0.0005400935588235294,0.01405788581361781
0.0005401035588235293,0.02500687498919743
0.0005401135588235294,0.02135721193062774
0.0005401235588235293,0.01040822275504812
0.0005401335588235294,0.01405788581350827
0.0005401435588235293,-0.007840092537650974
0.0005401535588235294,0.02135721193064766
0.0005401635588235293,0.01040822275506803
0.0005401735588235294,0.01405788581356802
0.0005401835588235294,0.01405788581350827
0.0005401935588235293,0.003108896637928647
0.0005402035588235294,0.01040822275500165
0.0005402135588235293,0.006758559696475106
0.0005402235588235294,0.01040822275503152
0.0005402335588235293,0.01405788581355806
0.0005402435588235294,0.006758559696461828
0.0005402535588235293,0.003108896637931968
0.0005402635588235294,0.3753745286120937
0.0005402735588235293,2.681961581602966
0.0005402835588235294,4.163724783384664
0.0005402935588235294,3.955693989042547
0.0005403035588235293,3.079774854996177
0.0005403135588235294,2.806050125605103
0.0005403235588235293,3.068825865819253
0.0005403335588235294,3.40094520414784
0.0005403435588235293,3.430142508616079
0.0005403535588235294,3.276856660156942
0.0005403635588235293,3.207513062044875
0.0005403735588235294,3.233060703454501
0.0005403835588235293,3.265907670981239
0.0005403935588235293,3.273206997098518
0.0005404035588235294,3.291455312391135
0.0005404135588235293,3.262258007922896
0.0005404235588235294,3.214812388161895
0.0005404335588235293,3.262258007922783
0.0005404435588235294,3.273206997098578
0.0005404535588235293,3.295104975449738
0.0005404635588235294,3.284155986274108
0.0005404735588235293,3.251309018747369
0.0005404835588235294,3.262258007922872
0.0005404935588235293,3.265907670981399
0.0005405035588235293,3.280506323215618
0.0005405135588235294,3.280506323215519
0.0005405235588235293,3.258608344864359
0.0005405335588235294,3.287805649332677
0.0005405435588235293,3.276856660157098
0.0005405535588235294,3.287805649332757
0.0005405635588235293,3.302404301566864
0.0005405735588235294,3.280506323215625
0.0005405835588235293,3.284155986274151
0.0005405935588235294,3.287805649332717
0.0005406035588235294,3.273206997098459
0.0005406135588235293,3.262258007922879
0.0005406235588235294,3.273206997098552
0.0005406335588235293,3.280506323215605
0.0005406435588235294,3.295104975449817
0.0005406535588235293,3.295104975449817
0.0005406635588235294,3.295104975449777
0.0005406735588235293,3.273206997098598
0.0005406835588235294,3.287805649332717
0.0005406935588235293,3.287805649332717
0.0005407035588235294,3.287805649332717
0.0005407135588235294,3.295104975449867
0.0005407235588235293,3.306053964625457
0.0005407335588235294,3.295104975449791
0.0005407435588235293,3.287805649332731
0.0005407535588235294,3.302404301566877
0.0005407635588235293,3.287805649332757
0.0005407735588235294,3.291455312391248
0.0005407835588235293,3.280506323215658
0.0005407935588235294,3.298754638508357
0.0005408035588235293,3.287805649332777
0.0005408135588235293,3.291455312391268
0.0005408235588235294,3.280506323215602
0.0005408335588235293,3.276856660157071
0.0005408435588235294,3.295104975449857
0.0005408535588235293,3.306053964625447
0.0005408635588235294,3.284155986274158
0.0005408735588235293,3.280506323215632
0.0005408835588235294,3.324302279918143
0.0005408935588235293,3.28415598627435
0.0005409035588235294,3.287805649332717
0.0005409135588235294,3.291455312391367
0.0005409235588235293,3.309703627684
0.0005409335588235294,3.313353290742417
0.0005409435588235293,3.280506323215678
0.0005409535588235294,3.298754638508367
0.0005409635588235293,3.298754638508367
0.0005409735588235294,3.317002953801096
0.0005409835588235293,3.306053964625506
0.0005409935588235294,3.291455312391288
0.0005410035588235293,3.313353290742467
0.0005410135588235294,3.302404301566917
0.0005410235588235294,3.287805649332837
0.0005410335588235293,3.309703627683996
0.0005410435588235294,3.287805649332744
0.0005410535588235293,3.295104975449804
0.0005410635588235294,3.302404301566877
0.0005410735588235293,3.287805649332757
0.0005410835588235294,3.295104975449844
0.0005410935588235293,3.309703627683963
0.0005411035588235294,3.298754638508383
0.0005411135588235293,3.317002953801033
0.0005411235588235294,3.287805649332717
0.0005411335588235294,3.302404301566834
0.0005411435588235293,3.284155986274184
0.0005411535588235294,3.309703627683937
0.0005411635588235293,3.287805649332757
0.0005411735588235294,3.302404301566967
0.0005411835588235293,3.320652616859599
0.0005411935588235294,3.320652616859639
0.0005412035588235293,3.306053964625533
0.0005412135588235294,3.306053964625463
0.0005412235588235293,3.302404301566937
0.0005412335588235293,3.317002953801116
0.0005412435588235294,3.306053964625417
0.0005412535588235293,3.295104975449837
0.0005412635588235294,3.30970362768399
0.0005412735588235293,3.302404301566937
0.0005412835588235294,3.302404301566897
0.0005412935588235293,3.295104975449844
0.0005413035588235294,3.313353290742546
0.0005413135588235293,3.302404301566967
0.0005413235588235294,3.317002953801116
0.0005413335588235294,3.313353290742487
0.0005413435588235293,3.29875463850838
0.0005413535588235294,3.295104975449784
0.0005413635588235293,3.287805649332731
0.0005413735588235294,3.309703627684003
0.0005413835588235293,3.306053964625476
0.0005413935588235294,3.298754638508413
0.0005414035588235293,3.324302279918123
0.0005414135588235294,3.317002953801103
0.0005414235588235293,3.302404301566983
0.0005414335588235294,3.306053964625467
0.0005414435588235294,3.302404301566877
0.0005414535588235293,3.295104975449824
0.0005414635588235294,3.3133532907425
0.0005414735588235293,3.29510497544985
0.0005414835588235294,3.306053964625457
0.0005414935588235293,3.302404301566927
0.0005415035588235294,3.317002953801096
0.0005415135588235293,3.306053964625506
0.0005415235588235294,3.317002953801119
0.0005415335588235293,3.320652616859646
0.0005415435588235294,3.302404301566917
0.0005415535588235294,3.30240430156695
0.0005415635588235293,3.309703627684009
0.0005415735588235294,3.302404301566904
0.0005415835588235293,3.298754638508373
0.0005415935588235294,3.309703627683996
0.0005416035588235293,3.302404301566944
0.0005416135588235294,3.30240430156691
0.0005416235588235293,3.298754638508383
0.0005416335588235294,3.298754638508373
0.0005416435588235293,3.306053964625427
0.0005416535588235293,3.306053964625467
0.0005416635588235294,3.324302279918099
0.0005416735588235293,3.298754638508413
0.0005416835588235294,3.30605396462544
0.0005416935588235293,3.298754638508387
0.0005417035588235294,3.306053964625457
0.0005417135588235293,3.30240430156693
0.0005417235588235294,3.309703627684009
0.0005417335588235293,3.306053964625483
0.0005417435588235294,3.327951942976765
0.0005417535588235294,3.313353290742487
0.0005417635588235293,3.29875463850838
0.0005417735588235294,3.309703627683933
0.0005417835588235293,3.291455312391301
0.0005417935588235294,3.30240430156693
0.0005418035588235293,3.306053964625457
0.0005418135588235294,3.320652616859599
0.0005418235588235293,3.284155986274301
0.0005418335588235294,3.309703627684003
0.0005418435588235293,3.295104975449883
0.0005418535588235294,3.276856660157068
0.0005418635588235294,3.306053964625506
0.0005418735588235293,3.31335329074256
0.0005418835588235294,3.313353290742553
0.0005418935588235293,3.309703627684023
0.0005419035588235294,3.313353290742536
0.0005419135588235293,3.302404301566947
0.0005419235588235294,3.30240430156691
0.0005419335588235293,3.29875463850838
0.0005419435588235294,3.309703627684023
0.0005419535588235293,3.317002953801076
0.0005419635588235293,3.302404301566917
0.0005419735588235294,3.309703627683983
0.0005419835588235293,3.302404301566924
0.0005419935588235294,3.309703627684003
0.0005420035588235293,3.306053964625473
0.0005420135588235294,3.327951942976686
0.0005420235588235293,3.298754638508473
0.0005420335588235294,3.30605396462548
0.0005420435588235293,3.313353290742533
0.0005420535588235294,3.320652616859659
0.0005420635588235293,3.313353290742606
0.0005420735588235293,3.317002953801116
0.0005420835588235294,3.324302279918232
0.0005420935588235293,3.327951942976759
0.0005421035588235294,3.309703627684043
0.0005421135588235293,3.317002953801096
0.0005421235588235294,3.306053964625487
0.0005421335588235293,3.31335329074254
0.0005421435588235294,3.313353290742586
0.0005421535588235293,3.324302279918166
0.0005421635588235294,3.320652616859666
0.0005421735588235294,3.320652616859586
0.0005421835588235293,3.30605396462548
0.0005421935588235294,3.302404301567
0.0005422035588235293,3.320652616859632
0.0005422135588235294,3.306053964625493
0.0005422235588235293,3.313353290742546
0.0005422335588235294,3.31335329074258
0.0005422435588235293,3.320652616859639
0.0005422535588235294,3.302404301566927
0.0005422635588235293,3.313353290742516
0.0005422735588235294,3.306053964625467
0.0005422835588235294,3.306053964625506
0.0005422935588235293,3.31335329074256
0.0005423035588235294,3.331601606035182
0.0005423135588235293,3.295104975449883
0.0005423235588235294,3.327951942976745
0.0005423335588235293,3.320652616859685
0.0005423435588235294,3.3060539646255
0.0005423535588235293,3.324302279918149
0.0005423635588235294,3.309703627684026
0.0005423735588235293,3.320652616859606
0.0005423835588235293,3.298754638508367
0.0005423935588235294,3.309703627684066
0.0005424035588235293,3.320652616859656
0.0005424135588235294,3.306053964625413
0.0005424235588235293,3.291455312391294
0.0005424335588235294,3.313353290742546
0.0005424435588235293,3.306053964625493
0.0005424535588235294,3.30605396462546
0.0005424635588235293,3.302404301566933
0.0005424735588235294,3.30605396462546
0.0005424835588235294,3.298754638508446
0.0005424935588235293,3.313353290742566
0.0005425035588235294,3.3060539646254
0.0005425135588235293,3.291455312391294
0.0005425235588235294,3.306053964625493
0.0005425335588235293,3.313353290742546
0.0005425435588235294,3.309703627684003
0.0005425535588235293,3.302404301566944
0.0005425635588235294,3.306053964625463
0.0005425735588235293,3.302404301566933
0.0005425835588235294,3.317002953801116
0.0005425935588235294,3.313353290742606
0.0005426035588235293,3.320652616859659
0.0005426135588235294,3.313353290742553
0.0005426235588235293,3.309703627684023
0.0005426335588235294,3.309703627683996
0.0005426435588235293,3.302404301566937
0.0005426535588235294,3.2987546385084
0.0005426635588235293,3.31700295380105
0.0005426735588235294,3.30605396462547
0.0005426835588235293,3.309703627684
0.0005426935588235294,3.324302279918216
0.0005427035588235294,3.306053964625583
0.0005427135588235293,3.331601606035292
0.0005427235588235294,3.313353290742487
0.0005427335588235293,3.291455312391308
0.0005427435588235294,3.309703627684056
0.0005427535588235293,3.324302279918176
0.0005427635588235294,3.30605396462546
0.0005427735588235293,3.302404301566933
0.0005427835588235294,3.317002953801106
0.0005427935588235293,3.306053964625526
0.0005428035588235293,3.317002953801116
0.0005428135588235294,3.295104975449934
0.0005428235588235293,3.320652616859619
0.0005428335588235294,3.324302279918149
0.0005428435588235293,3.306053964625516
0.0005428535588235294,3.320652616859596
0.0005428635588235293,3.29510497544991
0.0005428735588235294,3.320652616859639
0.0005428835588235293,3.306053964625533
0.0005428935588235294,3.302404301566917
0.0005429035588235293,3.295104975449857
0.0005429135588235293,3.320652616859642
0.0005429235588235294,3.324302279918182
0.0005429335588235293,3.317002953801129
0.0005429435588235294,3.320652616859612
0.0005429535588235293,3.306053964625506
0.0005429635588235294,3.3060539646255
0.0005429735588235293,3.324302279918149
0.0005429835588235294,3.327951942976755
0.0005429935588235293,3.317002953801166
0.0005430035588235294,3.309703627684016
0.0005430135588235294,3.317002953801096
0.0005430235588235293,3.313353290742569
0.0005430335588235294,3.31700295380105
0.0005430435588235293,3.2987546385084
0.0005430535588235294,3.324302279918146
0.0005430635588235293,3.298754638508437
0.0005430735588235294,3.317002953801096
0.0005430835588235293,3.306053964625506
0.0005430935588235294,3.309703627684019
0.0005431035588235293,3.313353290742546
0.0005431135588235294,3.306053964625467
0.0005431235588235294,3.3060539646254
0.0005431335588235293,3.291455312391281
0.0005431435588235294,3.302404301566996
0.0005431535588235293,3.324302279918176
0.0005431635588235294,3.317002953801106
0.0005431735588235293,3.31335329074258
0.0005431835588235294,3.317002953801103
0.0005431935588235293,3.309703627684049
0.0005432035588235294,3.287805649332744
0.0005432135588235293,3.317002953800956
0.0005432235588235293,3.320652616859666
0.0005432335588235294,3.317002953801083
0.0005432435588235293,3.309703627684029
0.0005432535588235294,3.306053964625413
0.0005432635588235293,3.291455312391308
0.0005432735588235294,3.317002953801156
0.0005432835588235293,3.331601606035262
0.0005432935588235294,3.306053964625506
0.0005433035588235293,3.327951942976666
0.0005433135588235294,3.320652616859666
0.0005433235588235294,3.324302279918136
0.0005433335588235293,3.309703627684029
0.0005433435588235294,3.306053964625516
0.0005433535588235293,3.317002953801096
0.0005433635588235294,3.31700295380105
0.0005433735588235293,3.298754638508417
0.0005433835588235294,3.309703627684003
0.0005433935588235293,3.302404301566944
0.0005434035588235294,3.29875463850838
0.0005434135588235293,3.3133532907425
0.0005434235588235294,3.309703627684016
0.0005434335588235294,3.317002953801036
0.0005434435588235293,3.30240430156693
0.0005434535588235294,3.302404301566917
0.0005434635588235293,3.302404301566917
0.0005434735588235294,3.306053964625496
0.0005434835588235293,3.317002953801086
0.0005434935588235294,3.30605396462548
0.0005435035588235293,3.31335329074254
0.0005435135588235294,3.313353290742573
0.0005435235588235293,3.320652616859626
0.0005435335588235293,3.331601606035315
0.0005435435588235294,3.306053964625467
0.0005435535588235293,3.306053964625467
0.0005435635588235294,3.324302279918189
0.0005435735588235293,3.317002953801129
0.0005435835588235294,3.313353290742576
0.0005435935588235293,3.317002953801103
0.0005436035588235294,3.324302279918162
0.0005436135588235293,3.29510497544995
0.0005436235588235294,3.309703627684013
0.0005436335588235293,3.306053964625487
0.0005436435588235293,3.320652616859666
0.0005436535588235294,3.317002953801099
0.0005436635588235293,3.313353290742573
0.0005436735588235294,3.30240430156693
0.0005436835588235293,3.306053964625457
0.0005436935588235294,3.309703627684046
0.0005437035588235293,3.320652616859626
0.0005437135588235294,3.309703627684029
0.0005437235588235293,3.317002953801083
0.0005437335588235294,3.327951942976765
0.0005437435588235294,3.302404301566877
0.0005437535588235293,3.295104975449824
0.0005437635588235294,3.331601606035282
0.0005437735588235293,3.324302279918229
0.0005437835588235294,3.317002953801036
0.0005437935588235293,3.295104975449877
0.0005438035588235294,3.327951942976752
0.0005438135588235293,3.320652616859692
0.0005438235588235294,3.306053964625467
0.0005438335588235293,3.306053964625467
0.0005438435588235294,3.331601606035315
0.0005438535588235294,3.324302279917997
0.0005438635588235293,3.284155986274204
0.0005438735588235294,3.320652616859639
0.0005438835588235293,3.31335329074258
0.0005438935588235294,3.327951942976715
0.0005439035588235293,3.309703627684066
0.0005439135588235294,3.320652616859646
0.0005439235588235293,3.309703627684056
0.0005439335588235294,3.30240430156694
0.0005439435588235293,3.327951942976626
0.0005439535588235293,3.309703627684016
0.0005439635588235294,3.31700295380105
0.0005439735588235293,3.30240430156693
0.0005439835588235294,3.309703627684003
0.0005439935588235293,3.306053964625473
0.0005440035588235294,3.306053964625546
0.0005440135588235293,3.335251269093759
0.0005440235588235294,3.313353290742566
0.0005440335588235293,3.313353290742566
0.0005440435588235294,3.320652616859656
0.0005440535588235294,3.309703627684056
0.0005440635588235293,3.317002953801116
0.0005440735588235294,3.317002953801116
0.0005440835588235293,3.317002953801116
0.0005440935588235294,3.298754638508407
0.0005441035588235293,3.309703627683986
0.0005441135588235294,3.309703627684056
0.0005441235588235293,3.324302279918162
0.0005441335588235294,3.291455312391301
0.0005441435588235293,3.309703627683933
0.0005441535588235294,3.284155986274168
0.0005441635588235294,3.295104975449897
0.0005441735588235293,3.309703627684003
0.0005441835588235294,3.306053964625427
0.0005441935588235293,3.295104975449837
0.0005442035588235294,3.306053964625427
0.0005442135588235293,3.291455312391308
0.0005442235588235294,3.313353290742586
0.0005442335588235293,3.324302279918176
0.0005442435588235294,3.30605396462547
0.0005442535588235293,3.309703627683996
0.0005442635588235294,3.306053964625467
0.0005442735588235294,3.309703627684056
0.0005442835588235293,3.317002953801109
0.0005442935588235294,3.30605396462552
0.0005443035588235293,3.320652616859639
0.0005443135588235294,3.313353290742546
0.0005443235588235293,3.306053964625493
0.0005443335588235294,3.309703627684036
0.0005443435588235293,3.320652616859626
0.0005443535588235294,3.309703627684009
0.0005443635588235293,3.302404301566957
0.0005443735588235293,3.317002953801116
0.0005443835588235294,3.309703627684066
0.0005443935588235293,3.320652616859646
0.0005444035588235294,3.313353290742566
0.0005444135588235293,3.313353290742566
0.0005444235588235294,3.295104975449857
0.0005444335588235293,3.309703627683963
0.0005444435588235294,3.306053964625513
0.0005444535588235293,3.331601606035199
0.0005444635588235294,3.317002953801116
0.0005444735588235293,3.309703627684056
0.0005444835588235293,3.306053964625467
0.0005444935588235294,3.313353290742583
0.0005445035588235293,3.317002953801109
0.0005445135588235294,3.327951942976752
0.0005445235588235293,3.324302279918225
0.0005445335588235294,3.313353290742553
0.0005445435588235293,3.306053964625493
0.0005445535588235294,3.320652616859666
0.0005445635588235293,3.320652616859666
0.0005445735588235294,3.313353290742566
0.0005445835588235294,3.317002953801215
0.0005445935588235293,3.335251269093849
0.0005446035588235294,3.309703627684069
0.0005446135588235293,3.324302279918189
0.0005446235588235294,3.309703627684056
0.0005446335588235293,3.324302279918176
0.0005446435588235294,3.327951942976759
0.0005446535588235293,3.324302279918229
0.0005446635588235294,3.313353290742553
0.0005446735588235293,3.298754638508446
0.0005446835588235294,3.331601606035315
0.0005446935588235294,3.327951942976682
0.0005447035588235293,3.309703627684033
0.0005447135588235294,3.30240430156693
0.0005447235588235293,3.30605396462546
0.0005447335588235294,3.309703627684026
0.0005447435588235293,3.313353290742553
0.0005447535588235294,3.317002953801083
0.0005447635588235293,3.298754638508433
0.0005447735588235294,3.309703627684026
0.0005447835588235293,3.320652616859606
0.0005447935588235293,3.298754638508367
0.0005448035588235294,3.3133532907425
0.0005448135588235293,3.298754638508393
0.0005448235588235294,3.346200258269368
0.0005448335588235293,3.306053964625576
0.0005448435588235294,3.306053964625487
0.0005448535588235293,3.31335329074254
0.0005448635588235294,3.298754638508387
0.0005448735588235293,3.309703627683966
0.0005448835588235294,3.313353290742566
0.0005448935588235294,3.295104975449837
0.0005449035588235293,3.298754638508364
0.0005449135588235294,3.313353290742583
0.0005449235588235293,3.317002953801109
0.0005449335588235294,3.3060539646254
0.0005449435588235293,3.287805649332767
0.0005449535588235294,3.29875463850836
0.0005449635588235293,3.29510497544983
0.0005449735588235294,3.309703627684006
0.0005449835588235293,3.298754638508417
0.0005449935588235294,3.309703627684016
0.0005450035588235294,3.284155986274327
0.0005450135588235293,3.31335329074254
0.0005450235588235294,3.320652616859626
0.0005450335588235293,3.309703627684036
0.0005450435588235294,3.309703627683986
0.0005450535588235293,3.298754638508397
0.0005450635588235294,3.309703627683996
0.0005450735588235293,3.298754638508407
0.0005450835588235294,3.317002953801109
0.0005450935588235293,3.309703627684056
0.0005451035588235293,3.302404301566917
0.0005451135588235294,3.295104975449883
0.0005451235588235293,3.309703627684003
0.0005451335588235294,3.29875463850842
0.0005451435588235293,3.31335329074254
0.0005451535588235294,3.295104975449887
0.0005451635588235293,3.320652616859573
0.0005451735588235294,3.31335329074258
0.0005451835588235293,3.320652616859632
0.0005451935588235294,3.30605396462546
0.0005452035588235293,3.298754638508407
0.0005452135588235293,3.320652616859666
0.0005452235588235294,3.317002953801033
0.0005452335588235293,3.2987546385084
0.0005452435588235294,3.320652616859612
0.0005452535588235293,3.306053964625506
0.0005452635588235294,3.309703627684026
0.0005452735588235293,3.313353290742553
0.0005452835588235294,3.309703627684029
0.0005452935588235293,3.317002953801083
0.0005453035588235294,3.306053964625467
0.0005453135588235294,3.284155986274307
0.0005453235588235293,3.309703627683993
0.0005453335588235294,3.317002953801099
0.0005453435588235293,3.313353290742573
0.0005453535588235294,3.327951942976752
0.0005453635588235293,3.324302279918225
0.0005453735588235294,3.313353290742566
0.0005453835588235293,3.313353290742566
0.0005453935588235294,3.298754638508397
0.0005454035588235293,3.331601606035166
0.0005454135588235294,3.320652616859666
0.0005454235588235294,3.309703627683976
0.0005454335588235293,3.302404301566924
0.0005454435588235294,3.313353290742553
0.0005454535588235293,3.309703627684023
0.0005454635588235294,3.298754638508387
0.0005454735588235293,3.306053964625447
0.0005454835588235294,3.30605396462548
0.0005454935588235293,3.31335329074254
0.0005455035588235294,3.309703627684016
0.0005455135588235293,3.309703627684016
0.0005455235588235293,3.324302279918216
0.0005455335588235294,3.317002953801116
0.0005455435588235293,3.317002953801116
0.0005455535588235294,3.302404301566904
0.0005455635588235293,3.298754638508373
0.0005455735588235294,3.309703627683996
0.0005455835588235293,3.302404301566944
0.0005455935588235294,3.313353290742546
0.0005456035588235293,3.302404301566967
0.0005456135588235294,3.30605396462547
0.0005456235588235294,3.309703627683956
0.0005456335588235293,3.298754638508367
0.0005456435588235294,3.302404301566917
0.0005456535588235293,3.302404301566917
0.0005456635588235294,3.324302279918162
0.0005456735588235293,3.309703627684056
0.0005456835588235294,3.309703627684049
0.0005456935588235293,3.327951942976699
0.0005457035588235294,3.313353290742566
0.0005457135588235293,3.313353290742566
0.0005457235588235294,3.320652616859666
0.0005457335588235294,3.320652616859506
0.0005457435588235293,3.291455312391294
0.0005457535588235294,3.317002953801129
0.0005457635588235293,3.320652616859659
0.0005457735588235294,3.317002953801116
0.0005457835588235293,3.317002953801116
0.0005457935588235294,3.313353290742586
0.0005458035588235293,3.324302279918176
0.0005458135588235294,3.317002953801116
0.0005458235588235293,3.317002953801116
0.0005458335588235294,3.317002953801116
0.0005458435588235294,3.302404301566977
0.0005458535588235293,3.313353290742556
0.0005458635588235294,3.306053964624073
0.0005458735588235293,2.922839343478437
0.0005458835588235294,0.5104120617720059
0.0005458935588235293,-1.07719136868704
0.0005459035588235294,-0.7450720303628603
0.0005459135588235293,0.3133302566107992
0.0005459235588235294,0.6673475732936128
0.0005459335588235293,0.2658846368556934
0.0005459435588235293,-0.197622571582319
0.0005459535588235294,-0.2158708868738232
0.0005459635588235293,0.05785384251566747
0.0005459735588235294,0.1819423865066586
0.0005459835588235293,0.1271974406287107
0.0005459935588235294,0.01770754887203813
0.0005460035588235293,-0.0114897555961742
0.0005460135588235294,0.0213572119307074
0.0005460235588235293,0.04325519028186665
0.0005460335588235294,0.07245249475036444
0.0005460435588235293,0.05785384251624501
0.0005460535588235293,0.02865653804776713
0.0005460635588235294,0.02500687498918416
0.0005460735588235293,0.01770754887213108
0.0005460835588235294,0.05055451639903923
0.0005460935588235293,0.04325519028198615
0.0005461035588235294,0.04690485334052928
0.0005461135588235293,0.05420417945758901
0.0005461235588235294,0.02865653804776049
0.0005461335588235293,0.02500687498923395
0.0005461435588235294,0.05420417945761556
0.0005461535588235294,0.03960552722331687
0.0005461635588235293,0.02135721193068417
0.0005461735588235294,0.04690485334054256
0.0005461835588235293,0.05420417945760228
0.0005461935588235294,0.02135721193066757
0.0005462035588235293,0.02135721193066757
0.0005462135588235294,0.02865653804776713
0.0005462235588235293,0.02865653804776713
0.0005462335588235294,0.02500687498922731
0.0005462435588235293,0.03595586416480693
0.0005462535588235294,0.02500687498921735
0.0005462635588235294,0.01040822275510123
0.0005462735588235293,0.02865653804775053
0.0005462835588235294,0.02135721193072068
0.0005462935588235293,0.03595586416484012
0.0005463035588235294,0.02135721193067753
0.0005463135588235293,0.02500687498920407
0.0005463235588235294,0.03960552722337662
0.0005463335588235293,0.01770754887219746
0.0005463435588235294,0.02500687498921735
0.0005463535588235293,0.02500687498921735
0.0005463635588235293,0.02500687498921735
0.0005463735588235294,0.01770754887215099
0.0005463835588235293,0.02500687498920407
0.0005463935588235294,0.01405788581359457
0.0005464035588235293,0.02135721193065429
0.0005464135588235294,0.02500687498919743
0.0005464235588235293,0.01770754887214435
0.0005464335588235294,0.03595586416479365
0.0005464435588235293,-0.004190429478998302
0.0005464535588235294,0.00310889663791869
0.0005464635588235294,0.01040822275495849
0.0005464735588235293,-0.0005407664206211298
0.0005464835588235294,0.006758559696468467
0.0005464935588235293,0.006758559696468467
0.0005465035588235294,0.01405788581348836
0.0005465135588235293,-0.007840092537670892
0.0005465235588235294,0.01040822275501824
0.0005465335588235293,0.01040822275501824
0.0005465435588235294,0.0104082227550282
0.0005465535588235293,0.02135721193061778
0.0005465635588235294,0.01040822275501824
0.0005465735588235294,0.00310889663791869
0.0005465835588235293,0.00310889663791869
0.0005465935588235294,0.01770754887215763
0.0005466035588235293,0.02865653804774721
0.0005466135588235294,0.003108896637898774
0.0005466235588235293,-0.004190429479160947
0.0005466335588235294,0.01040822275501824
0.0005466435588235293,0.01040822275501824
0.0005466535588235294,0.003108896637925329
0.0005466635588235293,0.01040822275497841
0.0005466735588235294,0.006758559696468467
0.0005466835588235294,-0.007840092537631059
0.0005466935588235293,0.0140578858135481
0.0005467035588235294,0.01040822275505808
0.0005467135588235293,0.02135721193064766
0.0005467235588235294,0.01405788581356802
0.0005467335588235293,0.01405788581356802
0.0005467435588235294,0.006758559696488383
0.0005467535588235293,0.01770754887206801
0.0005467635588235294,0.003108896637925329
0.0005467735588235293,0.01040822275497841
0.0005467835588235293,-0.007840092537730639
0.0005467935588235294,-0.0005407664205646996
0.0005468035588235293,0.01405788581354146
0.0005468135588235294,-0.007840092537757195
0.0005468235588235293,-0.01513941865481028
0.0005468335588235294,0.01405788581355806
0.0005468435588235293,0.01040822275503152
0.0005468535588235294,0.01405788581356802
0.0005468635588235293,0.01405788581356802
0.0005468735588235294,0.00310889663791869
0.0005468835588235294,-0.0005407664206310866
0.0005468935588235293,-0.0005407664206310866
0.0005469035588235294,0.00310889663791869
0.0005469135588235293,0.00310889663791869
0.0005469235588235294,0.0104082227550448
0.0005469335588235293,0.01770754887209788
0.0005469435588235294,-0.00419042947914767
0.0005469535588235293,0.01405788581350163
0.0005469635588235294,-0.004190429479170905
0.0005469735588235293,0.006758559696418678
0.0005469835588235294,0.01040822275501824
0.0005469935588235294,0.01770754887205805
0.0005470035588235293,0.006758559696478424
0.0005470135588235294,0.006758559696495022
0.0005470235588235293,0.01405788581355474
0.0005470335588235294,0.01040822275499833
0.0005470435588235293,0.003108896637938606
0.0005470535588235294,0.006758559696495022
0.0005470635588235293,0.02135721193061446
0.0005470735588235294,0.01405788581353815
0.0005470835588235293,-0.01878908171320073
0.0005470935588235293,-0.0005407664206310866
0.0005471035588235294,-0.007840092537697445
0.0005471135588235293,-0.0005407664206377259
0.0005471235588235294,-0.007840092537637698
0.0005471335588235293,0.01770754887207133
0.0005471435588235294,-0.0005407664206211286
0.0005471535588235293,0.003108896637905412
0.0005471635588235294,0.006758559696468467
0.0005471735588235293,0.006758559696468467
0.0005471835588235294,0.01405788581355806
0.0005471935588235294,0.003108896637898774
0.0005472035588235293,-0.0005407664206310866
0.0005472135588235294,0.00310889663791869
0.0005472235588235293,0.00310889663791869
0.0005472335588235294,0.006758559696508299
0.0005472435588235293,0.01770754887208793
0.0005472535588235294,0.01040822275499833
0.0005472635588235293,0.003108896637945245
0.0005472735588235294,-0.007840092537724001
0.0005472835588235293,-0.00419042947919746
0.0005472935588235294,-0.004190429479180863
0.0005473035588235294,0.0140578858135481
0.0005473135588235293,0.01040822275502156
0.0005473235588235294,-0.004190429479141031
0.0005473335588235293,0.006758559696448552
0.0005473435588235294,-0.0005407664206576415
0.0005473535588235293,-0.007840092537710723
0.0005473635588235294,0.0177075488721178
0.0005473735588235293,0.0177075488721178
0.0005473835588235294,0.006758559696475106
0.0005473935588235293,0.01405788581353483
0.0005474035588235294,0.0177075488721178
0.0005474135588235294,0.01405788581358794
0.0005474235588235293,0.01770754887211448
0.0005474335588235294,-0.0005407664206576415
0.0005474435588235293,-0.007840092537717362
0.0005474535588235294,-0.004190429479150989
0.0005474635588235293,0.006758559696438594
0.0005474735588235294,-0.004190429479154308
0.0005474835588235293,0.01040822275496513
0.0005474935588235294,0.01770754887209456
0.0005475035588235293,-0.007840092537591225
0.0005475135588235293,0.01040822275501824
0.0005475235588235294,0.01770754887201822
0.0005475335588235293,-0.004190429479141031
0.0005475435588235294,0.01405788581351491
0.0005475535588235293,-0.0005407664206045319
0.0005475635588235294,-0.01148975559625054
0.0005475735588235293,-0.0005407664206709198
0.0005475835588235294,0.01405788581355474
0.0005475935588235293,0.00675855969650166
0.0005476035588235294,0.02865653804776713
0.0005476135588235293,-0.004190429479001619
0.0005476235588235293,-0.004190429479180863
0.0005476335588235294,-0.01148975559613105
0.0005476435588235293,0.02135721193060782
0.0005476535588235294,0.01040822275503152
0.0005476635588235293,0.01405788581355806
0.0005476735588235294,0.006758559696475106
0.0005476835588235293,0.01040822275500497
0.0005476935588235294,-0.007840092537697445
0.0005477035588235293,0.01040822275493526
0.0005477135588235294,0.01040822275501824
0.0005477235588235294,0.01770754887203813
0.0005477335588235293,0.003108896637931968
0.0005477435588235294,-0.007840092537704084
0.0005477535588235293,-0.0005407664206443646
0.0005477635588235294,0.01770754887210452
0.0005477735588235293,0.01405788581357798
0.0005477835588235294,0.003108896637905412
0.0005477935588235293,-0.004190429479154308
0.0005478035588235294,0.02135721193064766
0.0005478135588235293,-0.0005407664205115889
0.0005478235588235294,0.02135721193066757
0.0005478335588235294,-0.0005407664206974736
0.0005478435588235293,-0.01513941865481691
0.0005478535588235294,0.01770754887209124
0.0005478635588235293,0.01040822275503152
0.0005478735588235294,0.006758559696528215
0.0005478835588235293,0.02865653804768746
0.0005478935588235294,0.01770754887209788
0.0005479035588235293,0.0067585596965083
0.0005479135588235294,0.006758559696475106
0.0005479235588235293,0.01405788581352819
0.0005479335588235293,0.01405788581356802
0.0005479435588235294,0.003108896637902093
0.0005479535588235293,-0.0005407664206244478
0.0005479635588235294,0.01040822275501824
0.0005479735588235293,0.01040822275501824
0.0005479835588235294,0.006758559696478425
0.0005479935588235293,0.01040822275500497
0.0005480035588235294,-0.0005407664205978931
0.0005480135588235293,0.01770754887203482
0.0005480235588235294,0.02135721193066757
0.0005480335588235294,-0.004190429479061367
0.0005480435588235293,0.0177075488721178
0.0005480535588235294,0.00310889663791869
0.0005480635588235293,0.00310889663791869
0.0005480735588235294,-0.0005407664206178093
0.0005480835588235293,0.003108896637908732
0.0005480935588235294,-0.01148975559624722
0.0005481035588235293,0.006758559696402077
0.0005481135588235294,0.02500687498922731
0.0005481235588235293,0.03595586416481689
0.0005481335588235294,0.00310889663791869
0.0005481435588235294,-0.004190429479001619
0.0005481535588235293,0.02865653804773725
0.0005481635588235294,-0.01148975559621403
0.0005481735588235293,0.006758559696435273
0.0005481835588235294,0.006758559696458509
0.0005481935588235293,0.003108896637928648
0.0005482035588235294,0.003108896637938606
0.0005482135588235293,0.01405788581352819
0.0005482235588235294,0.01405788581356138
0.0005482335588235293,0.006758559696508299
0.0005482435588235294,-0.007840092537730639
0.0005482535588235294,-0.01148975559623063
0.0005482635588235293,-0.0005407664206410444
0.0005482735588235294,0.003108896637985077
0.0005482835588235293,0.02135721193063438
0.0005482935588235294,0.02500687498918747
0.0005483035588235293,0.01405788581360785
0.0005483135588235294,0.01405788581355474
0.0005483235588235293,0.00675855969650166
0.0005483335588235294,0.02135721193065761
0.0005483435588235293,0.01040822275507799
0.0005483535588235293,0.01040822275501824
0.0005483635588235294,0.0140578858136676
0.0005483735588235293,0.03595586416482685
0.0005483835588235294,-0.0005407664205381448
0.0005483935588235293,0.02500687498914764
0.0005484035588235294,0.006758559696478425
0.0005484135588235293,0.01040822275500497
0.0005484235588235294,0.01405788581356138
0.0005484335588235293,0.01040822275503484
0.0005484435588235294,0.01405788581356802
0.0005484535588235294,0.02500687498917752
0.0005484635588235293,0.01770754887212444
0.0005484735588235294,0.01405788581356802
0.0005484835588235293,0.01405788581356802
0.0005484935588235294,-0.0005407664205248675
0.0005485035588235293,0.02865653804768746
0.0005485135588235294,-0.007840092537697445
0.0005485235588235293,0.01040822275495185
0.0005485335588235294,0.01405788581357466
0.0005485435588235293,0.02135721193063438
0.0005485535588235294,0.02135721193066757
0.0005485635588235294,0.01040822275501824
0.0005485735588235293,0.01040822275501824
0.0005485835588235294,0.02500687498920407
0.0005485935588235293,0.02135721193067421
0.0005486035588235294,0.01405788581356802
0.0005486135588235293,0.01405788581356802
0.0005486235588235294,0.02135721193065429
0.0005486335588235293,0.01405788581359457
0.0005486435588235294,0.01040822275502156
0.0005486535588235293,0.0140578858135481
0.0005486635588235293,0.01405788581356802
0.0005486735588235294,0.02865653804773393
0.0005486835588235293,0.02135721193067421
0.0005486935588235294,0.003108896637971799
0.0005487035588235293,0.01770754887209124
0.0005487135588235294,0.02135721193065761
0.0005487235588235293,0.01770754887213108
0.0005487335588235294,0.02135721193066757
0.0005487435588235293,0.02135721193066757
0.0005487535588235294,0.02135721193065097
0.0005487635588235293,0.00310889663801827
0.0005487735588235293,0.02500687498921735
0.0005487835588235294,0.02135721193060118
0.0005487935588235293,0.006758559696495022
0.0005488035588235294,0.01405788581356802
0.0005488135588235293,0.01405788581356802
0.0005488235588235294,0.01405788581356802
0.0005488335588235293,0.01405788581356802
0.0005488435588235294,0.0250068749891576
0.0005488535588235293,-0.007840092537581268
0.0005488635588235294,0.006758559696468467
0.0005488735588235294,0.01040822275505808
0.0005488835588235293,0.01770754887211116
0.0005488935588235294,0.01770754887220078
0.0005489035588235293,0.03595586416483348
0.0005489135588235294,0.01040822275499169
0.0005489235588235293,0.003108896637938606
0.0005489335588235294,0.0140578858135481
0.0005489435588235293,0.003108896637958523
0.0005489535588235294,0.03960552722338326
0.0005489635588235293,0.003108896638084654
0.0005489735588235294,0.01405788581356802
0.0005489835588235294,0.006758559696528215
0.0005489935588235293,0.01770754887210784
0.0005490035588235294,0.01405788581356802
0.0005490135588235293,0.01405788581356802
0.0005490235588235294,0.006758559696458509
0.0005490335588235293,0.003108896637928648
0.0005490435588235294,0.00675855969650166
0.0005490535588235293,0.02500687498915096
0.0005490635588235294,0.01405788581357134
0.0005490735588235293,0.01770754887209788
0.0005490835588235293,0.02865653804776713
0.0005490935588235294,0.01040822275506803
0.0005491035588235293,0.02135721193065761
0.0005491135588235294,0.02500687498923063
0.0005491235588235293,0.02865653804776049
0.0005491335588235294,0.006758559696508299
0.0005491435588235293,0.02135721193061446
0.0005491535588235294,0.01040822275503152
0.0005491635588235293,0.01770754887208461
0.0005491735588235294,0.02135721193066757
0.0005491835588235293,0.02500687498919743
0.0005491935588235293,0.02500687498921735
0.0005492035588235294,0.01040822275505144
0.0005492135588235293,0.01770754887210452
0.0005492235588235294,0.01405788581354146
0.0005492335588235293,0.006758559696488383
0.0005492435588235294,0.02135721193065429
0.0005492535588235293,0.01405788581359457
0.0005492635588235294,0.006758559696495022
0.0005492735588235293,0.02135721193060119
0.0005492835588235294,-0.007840092537730639
0.0005492935588235294,0.02500687498919743
0.0005493035588235293,0.02135721193067089
0.0005493135588235294,0.01405788581356802
0.0005493235588235293,0.01405788581356802
0.0005493335588235294,0.0140578858135813
0.0005493435588235293,0.01770754887210784
0.0005493535588235294,0.003108896637925329
0.0005493635588235293,0.006758559696455189
0.0005493735588235294,0.02500687498919411
0.0005493835588235293,-0.0005407664204916743
0.0005493935588235294,0.02135721193066757
0.0005494035588235294,0.003108896637938606
0.0005494135588235293,0.006758559696465148
0.0005494235588235294,0.02865653804768746
0.0005494335588235293,0.0067585596965083
0.0005494435588235294,0.01405788581360785
0.0005494535588235293,0.02865653804771402
0.0005494635588235294,0.03595586416482685
0.0005494735588235293,0.01405788581364768
0.0005494835588235294,0.01770754887210784
0.0005494935588235293,0.006758559696528216
0.0005495035588235293,-0.004190429479180863
0.0005495135588235294,0.02500687498908458
0.0005495235588235293,-0.004190429479127754
0.0005495335588235294,0.01405788581354146
0.0005495435588235293,0.006758559696481745
0.0005495535588235294,0.006758559696478425
0.0005495635588235293,0.01040822275500497
0.0005495735588235294,-0.004190429479154308
0.0005495835588235293,0.01040822275495186
0.0005495935588235294,0.0177075488721178
0.0005496035588235294,0.003108896637958522
0.0005496135588235293,0.01040822275501824
0.0005496235588235294,0.01405788581353483
0.0005496335588235293,0.006758559696481745
0.0005496435588235294,0.003108896637878858
0.0005496535588235293,-0.007840092537700766
0.0005496635588235294,0.02500687498916424
0.0005496735588235293,-0.004190429479074644
0.0005496835588235294,0.006758559696468467
0.0005496935588235293,0.006758559696468467
0.0005497035588235294,0.02135721193066757
0.0005497135588235294,0.01770754887213771
0.0005497235588235293,0.02135721193066425
0.0005497335588235294,0.01040822275503152
0.0005497435588235293,0.01405788581356138
0.0005497535588235294,0.01405788581358794
0.0005497635588235293,0.02135721193064766
0.0005497735588235294,0.03230620110630363
0.0005497835588235293,0.0250068749892439
0.0005497935588235294,0.01040822275501824
0.0005498035588235293,0.01040822275501824
0.0005498135588235294,0.02135721193066757
0.0005498235588235294,0.02865653804770074
0.0005498335588235293,0.0140578858135813
0.0005498435588235294,0.01405788581351491
0.0005498535588235293,-0.0005407664206045319
0.0005498635588235294,0.02500687498914764
0.0005498735588235293,-0.0005407664205381441
0.0005498835588235294,0.01040822275503152
0.0005498935588235293,0.01770754887209124
0.0005499035588235294,-0.0005407664206211286
0.0005499135588235293,0.01040822275495849
0.0005499235588235293,0.0177075488721178
0.0005499335588235294,-0.004190429479064686
0.0005499435588235293,0.0213572119306211
0.0005499535588235294,0.0140578858135813
0.0005499635588235293,0.01770754887210784
0.0005499735588235294,0.02135721193062774
0.0005499835588235293,0.006758559696521577
0.0005499935588235294,0.01770754887209788
0.0005500035588235293,0.006758559696518257
0.0005500135588235294,-0.007840092537730639
0.0005500235588235293,0.02135721193050824
0.0005500335588235293,0.01405788581357466
0.0005500435588235294,0.0177075488721012
0.0005500535588235293,0.01405788581357466
0.0005500635588235294,0.006758559696508299
0.0005500735588235293,0.01770754887208793
0.0005500835588235294,0.0177075488721178
0.0005500935588235293,0.0177075488721178
0.0005501035588235294,0.01770754887210784
0.0005501135588235293,0.006758559696518257
0.0005501235588235294,0.01405788581356802
0.0005501335588235294,0.01405788581370743
0.0005501435588235293,0.03960552722339322
0.0005501535588235294,0.02135721193062774
0.0005501635588235293,0.01040822275503816
0.0005501735588235294,0.03960552722341645
0.0005501835588235293,0.03960552722341645
0.0005501935588235294,0.03595586416484677
0.0005502035588235293,0.02500687498925718
0.0005502135588235294,0.006758559696468467
0.0005502235588235293,0.006758559696468467
0.0005502335588235293,0.03595586416486668
0.0005502435588235294,0.0140578858136676
0.0005502535588235293,0.03595586416484677
0.0005502635588235294,0.01040822275501824
0.0005502735588235293,0.01040822275501824
0.0005502835588235294,0.03595586416483681
0.0005502935588235293,0.02500687498925718
0.0005503035588235294,0.02865653804776713
0.0005503135588235293,0.02865653804776713
0.0005503235588235294,0.02500687498921403
0.0005503335588235294,0.02135721193062774
0.0005503435588235293,0.01405788581356802
0.0005503535588235294,0.01405788581355142
0.0005503635588235293,0.01040822275502488
0.0005503735588235294,0.01770754887214435
0.0005503835588235293,0.02500687498919743
0.0005503935588235294,0.006758559696508299
0.0005504035588235293,0.02135721193061446
0.0005504135588235294,-0.01148975559621403
0.0005504235588235293,0.02500687498905138
0.0005504335588235294,0.02135721193066757
0.0005504435588235294,0.01040822275503816
0.0005504535588235293,0.0140578858135647
0.0005504635588235294,0.01405788581363441
0.0005504735588235293,0.02865653804774057
0.0005504835588235294,0.02865653804774057
0.0005504935588235293,0.02135721193068749
0.0005505035588235294,0.01770754887208461
0.0005505135588235293,-0.0005407664205646992
0.0005505235588235294,0.01405788581357466
0.0005505335588235293,0.02135721193063438
0.0005505435588235294,0.02135721193066757
0.0005505535588235294,0.006758559696528215
0.0005505635588235293,0.01770754887210784
0.0005505735588235294,0.02500687498920407
0.0005505835588235293,0.02135721193067421
0.0005505935588235294,0.00310889663796848
0.0005506035588235293,0.02135721193061778
0.0005506135588235294,0.003108896637925329
0.0005506235588235293,0.006758559696455189
0.0005506335588235294,0.003108896637951883
0.0005506435588235293,0.03960552722321729
0.0005506535588235293,0.02865653804776713
0.0005506635588235294,0.014057885813651
0.0005506735588235293,0.03230620110630031
0.0005506835588235294,0.01405788581359457
0.0005506935588235293,0.02135721193065429
0.0005507035588235294,0.0140578858135481
0.0005507135588235293,0.006758559696495022
0.0005507235588235294,0.006758559696455189
0.0005507335588235293,-0.000540766420597894
0.0005507435588235294,0.02500687498920075
0.0005507535588235293,0.006758559696568047
0.0005507635588235293,0.02135721193066757
0.0005507735588235294,0.02865653804768414
0.0005507835588235293,0.01040822275505144
0.0005507935588235294,0.01405788581354146
0.0005508035588235293,0.006758559696488383
0.0005508135588235294,0.01770754887213108
0.0005508235588235293,0.02500687498919079
0.0005508335588235294,0.01040822275503816
0.0005508435588235293,0.02135721193061778
0.0005508535588235294,0.00310889663791869
0.0005508635588235294,0.01040822275505808
0.0005508735588235293,0.01770754887211116
0.0005508835588235294,0.01040822275505808
0.0005508935588235293,0.02135721193064766
0.0005509035588235294,0.01770754887210452
0.0005509135588235293,0.01405788581357798
0.0005509235588235294,0.0140578858135813
0.0005509335588235293,0.02135721193064102
0.0005509435588235294,0.01405788581355474
0.0005509535588235293,-0.0005407664205647009
0.0005509635588235294,-0.01513941865483019
0.0005509735588235294,-0.0005407664205912545
0.0005509835588235293,0.006758559696461828
0.0005509935588235294,0.01405788581362113
0.0005510035588235293,0.02865653804774057
0.0005510135588235294,0.01405788581350827
0.0005510235588235293,-0.007840092537650974
0.0005510335588235294,0.01770754887210452
0.0005510435588235293,0.0104082227550448
0.0005510535588235294,0.01405788581357134
0.0005510635588235293,0.01770754887209788
0.0005510735588235293,0.02135721193066757
0.0005510835588235294,0.02865653804768414
0.0005510935588235293,0.01040822275505144
0.0005511035588235294,0.0104082227550448
0.0005511135588235293,0.01770754887210452
0.0005511235588235294,0.01770754887207797
0.0005511335588235293,0.0031088966379718
0.0005511435588235294,0.01405788581357466
0.0005511535588235293,0.0177075488721012
0.0005511635588235294,0.01040822275501824
0.0005511735588235294,0.02865653804772729
0.0005511835588235293,0.02135721193066757
0.0005511935588235294,0.00675855969650166
0.0005512035588235293,0.01405788581355474
0.0005512135588235294,0.02500687498917752
0.0005512235588235293,0.01405788581359789
0.0005512335588235294,0.02135721193064766
0.0005512435588235293,0.01040822275505808
0.0005512535588235294,0.01040822275498505
0.0005512635588235293,-0.007840092537647655
0.0005512735588235294,0.006758559696468467
0.0005512835588235294,0.003108896637958522
0.0005512935588235293,0.01040822275501161
0.0005513035588235294,0.0104082227549253
0.0005513135588235293,-0.01513941865478372
0.0005513235588235294,0.02865653804771734
0.0005513335588235293,0.01040822275506803
0.0005513435588235294,0.0140578858135481
0.0005513535588235293,0.003108896637958523
0.0005513635588235294,0.01770754887211448
0.0005513735588235293,0.01405788581358794
0.0005513835588235294,0.00310889663791869
0.0005513935588235294,0.006758559696385483
0.0005514035588235293,-0.01148975559626382
0.0005514135588235294,0.01405788581359457
0.0005514235588235293,0.02135721193065429
0.0005514335588235294,0.003108896637938606
0.0005514435588235293,0.01040822275499169
0.0005514535588235294,-0.0005407664205978931
0.0005514635588235293,0.01770754887205141
0.0005514735588235294,0.006758559696475106
0.0005514835588235293,0.01405788581352819
0.0005514935588235293,0.01040822275501824
0.0005515035588235294,0.006758559696518257
0.0005515135588235293,0.01770754887209788
0.0005515235588235294,0.02135721193068085
0.0005515335588235293,0.02500687498921071
0.0005515435588235294,-0.02243874477186004
0.0005515535588235293,0.003108896637825747
0.0005515635588235294,-0.0005407664206310866
0.0005515735588235293,-0.0005407664206310866
0.0005515835588235294,-0.0005407664206310866
0.0005515935588235293,0.006758559696428636
0.0005516035588235293,0.01040822275501492
0.0005516135588235294,-0.004190429479131073
0.0005516235588235293,0.006758559696448552
0.0005516335588235294,-0.01148975559618748
0.0005516435588235293,0.01405788581349831
0.0005516535588235294,-0.0005407664206178093
0.0005516635588235293,0.006758559696441912
0.0005516735588235294,0.02135721193065097
0.0005516835588235293,0.003108896638001672
0.0005516935588235294,0.01040822275501824
0.0005517035588235294,0.01770754887205805
0.0005517135588235293,0.006758559696478424
0.0005517235588235294,0.03230620110619741
0.0005517335588235293,-0.0005407664205713328
0.0005517435588235294,0.02135721193065761
0.0005517535588235293,0.01770754887212776
0.0005517635588235294,0.006758559696521576
0.0005517735588235293,0.03595586416476046
0.0005517835588235294,0.006758559696465148
0.0005517935588235293,0.003108896637938606
0.0005518035588235294,0.01040822275501824
0.0005518135588235294,-0.004190429479180863
0.0005518235588235293,-0.004190429479180863
0.0005518335588235294,0.006758559696508299
0.0005518435588235293,0.01770754887209788
0.0005518535588235294,0.01405788581357798
0.0005518635588235293,0.01770754887210452
0.0005518735588235294,0.02135721193064766
0.0005518835588235293,0.01040822275506803
0.0005518935588235294,0.01770754887210784
0.0005519035588235294,0.006758559696528215
0.0005519135588235293,0.0177075488721178
0.0005519235588235294,0.01405788581351823
0.0005519335588235293,0.003108896637938606
0.0005519435588235294,0.01040822275503152
0.0005519535588235293,0.01405788581355806
0.0005519635588235294,0.003108896637928648
0.0005519735588235293,0.006758559696455189
0.0005519835588235294,0.003108896637925329
0.0005519935588235293,0.006758559696451871
0.0005520035588235294,0.02135721193066757
0.0005520135588235294,0.02135721193060782
0.0005520235588235293,0.0104082227550282
0.0005520335588235294,0.003108896637885496
0.0005520435588235293,-0.004190429479167586
0.0005520535588235294,0.02500687498916424
0.0005520635588235293,0.01040822275505808
0.0005520735588235294,0.01040822275501824
0.0005520835588235293,0.01040822275501824
0.0005520935588235294,0.003108896637912051
0.0005521035588235293,-0.00419042947914767
0.0005521135588235294,0.006758559696468467
0.0005521235588235294,0.02135721193058791
0.0005521335588235293,0.006758559696481745
0.0005521435588235294,0.003108896637905412
0.0005521535588235293,-0.0005407664206244478
0.0005521635588235294,0.003108896637928648
0.0005521735588235293,0.006758559696458509
0.0005521835588235294,0.006758559696461828
0.0005521935588235293,0.003108896637931968
0.0005522035588235294,-0.02243874477190983
0.0005522135588235293,-0.0005407664207505852
0.0005522235588235293,-0.01513941865483019
0.0005522335588235294,0.03960552722328368
0.0005522435588235293,0.0104082227550448
0.0005522535588235294,0.006758559696521576
0.0005522635588235293,0.02135721193064102
0.0005522735588235294,0.01770754887207797
0.0005522835588235293,0.0031088966379718
0.0005522935588235294,0.02135721193062774
0.0005523035588235293,-0.000540766420531507
0.0005523135588235294,-0.0005407664206178093
0.0005523235588235293,0.01405788581348836
0.0005523335588235293,0.01040822275501824
0.0005523435588235294,0.00675855969645187
0.0005523535588235293,0.003108896637925329
0.0005523635588235294,0.003108896637945245
0.0005523735588235293,0.01040822275499833
0.0005523835588235294,0.02865653804773725
0.0005523935588235293,0.01770754887215763
0.0005524035588235294,0.02500687498919079
0.0005524135588235293,0.01040822275508463
0.0005524235588235294,0.00310889663791869
0.0005524335588235294,0.0140578858135481
0.0005524435588235293,0.01040822275502156
0.0005524535588235294,0.01405788581348836
0.0005524635588235293,-0.007840092537690807
0.0005524735588235294,0.01770754887207797
0.0005524835588235293,0.006758559696498341
0.0005524935588235294,0.01770754887211116
0.0005525035588235293,0.0140578858135813
0.0005525135588235294,0.0140578858135647
0.0005525235588235293,0.01040822275503484
0.0005525335588235294,0.02500687498921735
0.0005525435588235294,0.006758559696468467
0.0005525535588235293,0.006758559696468467
0.0005525635588235294,0.02135721193065429
0.0005525735588235293,0.01770754887212444
0.0005525835588235294,0.02135721193062774
0.0005525935588235293,0.0067585596965083
0.0005526035588235294,0.006758559696481745
0.0005526135588235293,0.01405788581354146
0.0005526235588235294,0.02500687498919743
0.0005526335588235293,0.003108896638038188
0.0005526435588235293,0.006758559696468467
0.0005526535588235294,0.01040822275506803
0.0005526635588235293,0.02135721193064766
0.0005526735588235294,0.02135721193060118
0.0005526835588235293,0.003108896637951882
0.0005526935588235294,0.02135721193061778
0.0005527035588235293,0.003108896637985078
0.0005527135588235294,0.006758559696481745
0.0005527235588235293,0.01405788581353483
0.0005527335588235294,0.02500687498921735
0.0005527435588235294,-0.01148975559608126
0.0005527535588235293,0.02500687498921735
0.0005527635588235294,0.01770754887215099
0.0005527735588235293,0.02500687498920407
0.0005527835588235294,0.006758559696455189
0.0005527935588235293,0.003108896637928648
0.0005528035588235294,0.01770754887213771
0.0005528135588235293,0.02865653804772729
0.0005528235588235294,0.02500687498918416
0.0005528335588235293,0.006758559696551449
0.0005528435588235294,0.01040822275501824
0.0005528535588235294,0.02135721193066757
0.0005528635588235293,0.02135721193066757
0.0005528735588235294,0.02135721193064102
0.0005528835588235293,0.0140578858135813
0.0005528935588235294,0.006758559696495022
0.0005529035588235293,0.0140578858135481
0.0005529135588235294,0.006758559696441912
0.0005529235588235293,-0.007840092537677529
0.0005529335588235294,0.01405788581355474
0.0005529435588235293,-0.0005407664205514234
0.0005529535588235294,-0.007840092537730639
0.0005529635588235294,0.01405788581356802
0.0005529735588235293,0.01405788581356802
0.0005529835588235294,0.003108896638011632
0.0005529935588235293,0.02865653804772066
0.0005530035588235294,-0.01148975559620075
0.0005530135588235293,0.01770754887201158
0.0005530235588235294,0.01405788581356138
0.0005530335588235293,0.01040822275503152
0.0005530435588235294,0.01040822275503484
0.0005530535588235293,0.02865653804766755
0.0005530635588235293,-0.01148975559628042
0.0005530735588235294,0.01040822275501824
0.0005530835588235293,0.01040822275501824
0.0005530935588235294,0.01040822275500497
0.0005531035588235293,0.006758559696475106
0.0005531135588235294,-0.0005407664205912545
0.0005531235588235293,0.01405788581351491
0.0005531335588235294,0.02135721193067421
0.0005531435588235293,0.02500687498920075
0.0005531535588235294,0.01405788581356802
0.0005531635588235293,0.01040822275503816
0.0005531735588235293,-0.004190429479180863
0.0005531835588235294,0.01040822275506803
0.0005531935588235293,0.02135721193064766
0.0005532035588235294,0.01770754887206469
0.0005532135588235293,0.003108896637958523
0.0005532235588235294,0.006758559696488383
0.0005532335588235293,0.01770754887207797
0.0005532435588235294,0.02135721193065761
0.0005532535588235293,0.01040822275506803
0.0005532635588235294,0.0177075488721178
0.0005532735588235294,0.01405788581348836
0.0005532835588235293,-0.0005407664206178095
0.0005532935588235294,0.003108896637878858
0.0005533035588235293,-0.007840092537710723
0.0005533135588235294,0.00310889663791869
0.0005533235588235293,0.00310889663791869
0.0005533335588235294,0.003108896637912051
0.0005533435588235293,-0.0005407664206178091
0.0005533535588235294,0.01040822275501161
0.0005533635588235293,0.003108896637958522
0.0005533735588235294,-0.0005407664206310866
0.0005533835588235294,-0.004190429479097879
0.0005533935588235293,0.01405788581355142
0.0005534035588235294,0.01040822275497841
0.0005534135588235293,-0.0005407664206111707
0.0005534235588235294,-0.004190429479121115
0.0005534335588235293,0.01770754887203813
0.0005534435588235294,0.01040822275500497
0.0005534535588235293,0.003108896637951883
0.0005534635588235294,-0.007840092537704084
0.0005534735588235294,0.02135721193060782
0.0005534835588235293,0.01040822275501824
0.0005534935588235294,0.01040822275500165
0.0005535035588235293,0.006758559696475106
0.0005535135588235294,0.01040822275505808
0.0005535235588235293,0.0213572119306377
0.0005535335588235294,-0.0005407664206012125
0.0005535435588235293,0.01040822275497841
0.0005535535588235294,-0.0005407664206377253
0.0005535635588235293,-0.004190429479164266
0.0005535735588235294,0.00310889663791869
0.0005535835588235294,-0.004190429479101199
0.0005535935588235293,0.01040822275500497
0.0005536035588235294,-0.0005407664205812964
0.0005536135588235293,0.01040822275499833
0.0005536235588235294,0.003108896637931968
0.0005536335588235293,0.006758559696458509
0.0005536435588235294,0.003108896637938606
0.0005536535588235293,0.01405788581352819
0.0005536635588235294,0.01770754887211116
0.0005536735588235293,0.01040822275505144
0.0005536835588235294,-0.0005407664206310866
0.0005536935588235294,0.01405788581350827
0.0005537035588235293,0.003108896637928647
0.0005537135588235294,0.01040822275493858
0.0005537235588235293,-0.01148975559624059
0.0005537335588235294,0.003108896637958522
0.0005537435588235293,0.01770754887207797
0.0005537535588235294,0.01040822275499169
0.0005537635588235293,-0.004190429479127754
0.0005537735588235294,0.01770754887210452
0.0005537835588235293,0.003108896637998354
0.0005537935588235293,-0.0005407664206310866
0.0005538035588235294,0.02500687498920075
0.0005538135588235293,0.02135721193067089
0.0005538235588235294,0.01405788581362113
0.0005538335588235293,0.02865653804774057
0.0005538435588235294,0.006758559696478425
0.0005538535588235293,0.01040822275500497
0.0005538635588235294,0.01040822275500497
0.0005538735588235293,0.003108896637951883
0.0005538835588235294,0.0140578858135647
0.0005538935588235293,0.01040822275503816
0.0005539035588235293,0.0177075488721178
0.0005539135588235294,-0.00419042947914767
0.0005539235588235293,0.003108896637905412
0.0005539335588235294,0.01040822275495186
0.0005539435588235293,-0.007840092537680848
0.0005539535588235294,-0.004190429479141031
0.0005539635588235293,0.01040822275496513
0.0005539735588235294,0.01040822275499833
0.0005539835588235293,-0.000540766420581297
0.0005539935588235294,0.006758559696468467
0.0005540035588235294,0.01040822275497841
0.0005540135588235293,0.003108896637925329
0.0005540235588235294,-0.0005407664206808769
0.0005540335588235293,-0.0114897555962605
0.0005540435588235294,0.02500687498916424
0.0005540535588235293,0.01040822275505808
0.0005540635588235294,0.01040822275506472
0.0005540735588235293,0.03595586416477374
0.0005540835588235294,-0.0005407664206178093
0.0005540935588235293,0.01405788581350163
0.0005541035588235294,0.02500687498921735
0.0005541135588235294,0.006758559696368887
0.0005541235588235293,-0.01148975559626382
0.0005541335588235294,0.02135721193062774
0.0005541435588235293,0.01040822275503816
0.0005541535588235294,0.01040822275499833
0.0005541635588235293,0.003108896637938606
0.0005541735588235294,0.01040822275499833
0.0005541835588235293,-0.0005407664205912543
0.0005541935588235294,0.006758559696471786
0.0005542035588235293,0.01040822275499833
0.0005542135588235293,0.00310889663791869
0.0005542235588235294,0.003108896637935287
0.0005542335588235293,0.006758559696465148
0.0005542435588235294,-0.004190429479194141
0.0005542535588235293,-0.007840092537724001
0.0005542635588235294,0.006758559696488383
0.0005542735588235293,0.01405788581354146
0.0005542835588235294,-0.004190429479141031
0.0005542935588235293,0.01770754887201822
0.0005543035588235294,-0.004190429479180863
0.0005543135588235294,0.003108896638058103
0.0005543235588235293,0.02865653804776713
0.0005543335588235294,-0.007840092537697445
0.0005543435588235293,-0.0005407664206443646
0.0005543535588235294,0.01040822275496513
0.0005543635588235293,-0.004190429479141031
0.0005543735588235294,-0.007840092537710723
0.0005543835588235293,0.003108896637878857
0.0005543935588235294,0.01040822275501824
0.0005544035588235293,0.01040822275501824
0.0005544135588235294,-0.0005407664206310866
0.0005544235588235294,0.03230620110613766
0.0005544335588235293,-0.0005407664206012117
0.0005544435588235294,0.01770754887210452
0.0005544535588235293,0.01405788581357466
0.0005544635588235294,0.01040822275503152
0.0005544735588235293,0.01405788581355806
0.0005544835588235294,0.0140578858135813
0.0005544935588235293,0.02135721193064102
0.0005545035588235294,0.01040822275501824
0.0005545135588235293,0.01040822275501824
0.0005545235588235294,-0.007840092537730639
0.0005545335588235294,0.006758559696428635
0.0005545435588235293,-0.0005407664206244483
0.0005545535588235294,-0.0005407664205779771
0.0005545635588235293,0.01405788581354146
0.0005545735588235294,-0.0005407664206111705
0.0005545835588235293,0.006758559696441912
0.0005545935588235294,0.01040822275499833
0.0005546035588235293,-0.0005407664205912543
0.0005546135588235294,0.01040822275501824
0.0005546235588235293,0.01040822275501824
0.0005546335588235293,-0.004190429479180863
0.0005546435588235294,-0.0005407664205481029
0.0005546535588235293,0.01770754887208461
0.0005546635588235294,0.01770754887205141
0.0005546735588235293,-0.0005407664205978949
0.0005546835588235294,0.01405788581356802
0.0005546935588235293,0.01405788581356802
0.0005547035588235294,0.03230620110629035
0.0005547135588235293,0.01770754887218418
0.0005547235588235294,0.01040822275501824
0.0005547335588235293,0.003108896637958522
0.0005547435588235293,0.01040822275501824
0.0005547535588235294,0.01040822275503484
0.0005547635588235293,0.01405788581356138
0.0005547735588235294,0.006758559696468467
0.0005547835588235293,0.006758559696468467
0.0005547935588235294,0.0140578858135481
0.0005548035588235293,0.003108896637958523
0.0005548135588235294,0.00310889663791869
0.0005548235588235293,0.00310889663791869
0.0005548335588235294,0.00310889663791869
0.0005548435588235294,0.02135721193058791
0.0005548535588235293,0.006758559696481745
0.0005548635588235294,-0.0005407664205646996
0.0005548735588235293,0.01770754887208461
0.0005548835588235294,0.01770754887205141
0.0005548935588235293,-0.000540766420581297
0.0005549035588235294,0.01770754887210452
0.0005549135588235293,0.0104082227550448
0.0005549235588235294,-0.004190429479157627
0.0005549335588235293,0.02135721193052816
0.0005549435588235294,-0.01148975559628042
0.0005549535588235294,0.006758559696448551
0.0005549635588235293,0.003108896637922009
0.0005549735588235294,0.01040822275497841
0.0005549835588235293,-0.0005407664206111707
0.0005549935588235294,0.01040822275498837
0.0005550035588235293,-0.0005407664205912543
0.0005550135588235294,0.006758559696455189
0.0005550235588235293,-0.0005407664206045319
0.0005550335588235294,-0.0005407664206045318
0.0005550435588235293,0.0286565380476078
0.0005550535588235293,0.00310889663791869
0.0005550635588235294,0.01405788581356802
0.0005550735588235293,0.01405788581356802
0.0005550835588235294,-0.004190429479141031
0.0005550935588235293,0.006758559696448552
0.0005551035588235294,0.01405788581356802
0.0005551135588235293,0.01405788581356802
0.0005551235588235294,0.01770754887213771
0.0005551335588235293,0.02865653804771734
0.0005551435588235294,0.00310889663791869
0.0005551535588235294,0.01770754887209788
0.0005551635588235293,0.01405788581356802
0.0005551735588235294,0.01405788581355474
0.0005551835588235293,0.01040822275502488
0.0005551935588235294,0.02865653804774057
0.0005552035588235293,0.02135721193068749
0.0005552135588235294,-0.01148975559622067
0.0005552235588235293,0.02135721193054808
0.0005552335588235294,0.003108896637931968
0.0005552435588235293,0.01040822275498505
0.0005552535588235294,-0.0005407664206310866
0.0005552635588235294,0.01040822275501824
0.0005552735588235293,0.01040822275501824
0.0005552835588235294,-0.007840092537690807
0.0005552935588235293,0.003108896637898774
0.0005553035588235294,0.01040822275500497
0.0005553135588235293,0.006758559696478425
0.0005553235588235294,-0.004190429479141031
0.0005553335588235293,0.01770754887203813
0.0005553435588235294,0.00310889663791869
0.0005553535588235293,0.00310889663791869
0.0005553635588235293,0.01405788581356802
0.0005553735588235294,0.00310889663791869
0.0005553835588235293,0.00310889663791869
0.0005553935588235294,-0.0005407664205646996
0.0005554035588235293,0.01770754887208461
0.0005554135588235294,0.02135721193065761
0.0005554235588235293,0.01770754887213108
0.0005554335588235294,0.02135721193062774
0.0005554435588235293,-0.0005407664205514216
0.0005554535588235294,0.01040822275501824
0.0005554635588235293,0.0323062011061974
0.0005554735588235293,0.02135721193066757
0.0005554835588235294,0.01405788581358462
0.0005554935588235293,0.01770754887211116
0.0005555035588235294,0.02135721193065429
0.0005555135588235293,0.01770754887212444
0.0005555235588235294,-0.0005407664206111705
0.0005555335588235293,0.01040822275497841
0.0005555435588235294,-0.0005407664205978931
0.0005555535588235293,0.01770754887203482
0.0005555635588235294,-0.004190429479180863
0.0005555735588235293,0.03230620110611775
0.0005555835588235293,0.006758559696468467
0.0005555935588235294,0.0213572119305348
0.0005556035588235293,-0.01513941865476381
0.0005556135588235294,0.01040822275497841
0.0005556235588235293,-0.0005407664206012134
0.0005556335588235294,0.01770754887210452
0.0005556435588235293,0.0104082227550448
0.0005556535588235294,0.01405788581356802
0.0005556635588235293,0.01405788581356802
0.0005556735588235294,0.006758559696468467
0.0005556835588235294,0.01405788581358794
0.0005556935588235293,0.01770754887211448
0.0005557035588235294,0.0104082227550448
0.0005557135588235293,0.01770754887210452
0.0005557235588235294,0.01770754887208792
0.0005557335588235293,0.0067585596965083
0.0005557435588235294,0.02865653804772066
0.0005557535588235293,0.003108896638011633
0.0005557635588235294,0.003108896637908732
0.0005557735588235293,-0.00784009253767089
0.0005557835588235293,0.01040822275501824
0.0005557935588235294,0.02135721193063438
0.0005558035588235293,0.0140578858135813
0.0005558135588235294,0.02500687498923063
0.0005558235588235293,0.02865653804776049
0.0005558335588235294,-0.0005407664205912545
0.0005558435588235293,0.01405788581351491
0.0005558535588235294,0.02135721193066757
0.0005558635588235293,0.02135721193066757
0.0005558735588235294,0.01040822275501824
0.0005558835588235294,0.00310889663791869
0.0005558935588235293,0.00310889663791869
0.0005559035588235294,0.03230620110621733
0.0005559135588235293,0.01040822275505808
0.0005559235588235294,0.02135721193060118
0.0005559335588235293,0.00310889663796848
0.0005559435588235294,0.01405788581357466
0.0005559535588235293,0.01770754887210452
0.0005559635588235294,0.01405788581356802
0.0005559735588235293,0.01405788581356802
0.0005559835588235294,0.02500687498921735
0.0005559935588235294,0.02865653804768746
0.0005560035588235293,0.0140578858135813
0.0005560135588235294,0.01770754887214435
0.0005560235588235293,0.02500687498920407
0.0005560335588235294,0.02135721193061446
0.0005560435588235293,0.0067585596965083
0.0005560535588235294,0.01770754887209788
0.0005560635588235293,0.0067585596965083
0.0005560735588235294,0.02500687498921071
0.0005560835588235293,0.01770754887215763
0.0005560935588235294,0.0177075488721178
0.0005561035588235294,0.02500687498911777
0.0005561135588235293,0.006758559696485065
0.0005561235588235294,0.01770754887214435
0.0005561335588235293,0.02500687498920407
0.0005561435588235294,0.01040822275503816
0.0005561535588235293,0.01770754887209124
0.0005561635588235294,0.01770754887210452
0.0005561735588235293,0.0104082227550448
0.0005561835588235294,-0.007840092537710723
0.0005561935588235293,0.01405788581344852
0.0005562035588235293,0.02865653804776713
0.0005562135588235294,0.01405788581358462
0.0005562235588235293,0.01770754887211116
0.0005562335588235294,0.03595586416474719
0.0005562435588235293,0.003108896637978441
0.0005562535588235294,0.02135721193066757
0.0005562635588235293,0.02135721193066757
0.0005562735588235294,0.02500687498919079
0.0005562835588235293,0.01040822275508463
0.0005562935588235294,0.02865653804776713
0.0005563035588235293,0.006758559696587965
0.0005563135588235293,0.01040822275501824
0.0005563235588235294,0.01405788581355142
0.0005563335588235293,0.01040822275502488
0.0005563435588235294,0.02135721193066757
0.0005563535588235293,0.02135721193066757
0.0005563635588235294,0.01040822275503152
0.0005563735588235293,0.01770754887209124
0.0005563835588235294,0.01770754887211116
0.0005563935588235293,0.01405788581358462
0.0005564035588235294,0.0177075488721178
0.0005564135588235294,0.03230620110625716
0.0005564235588235293,0.02135721193067753
0.0005564335588235294,0.01405788581351491
0.0005564435588235293,-0.0005407664206045319
0.0005564535588235294,0.01405788581360785
0.0005564635588235293,0.02500687498918747
0.0005564735588235294,0.01405788581356802
0.0005564835588235293,0.01405788581356802
0.0005564935588235294,0.01405788581357466
0.0005565035588235293,0.02135721193062774
0.0005565135588235294,0.01040822275501824
0.0005565235588235294,0.01770754887207797
0.0005565335588235293,0.01040822275502488
0.0005565435588235294,0.0140578858135813
0.0005565535588235293,0.01770754887211116
0.0005565635588235294,0.01405788581355806
0.0005565735588235293,0.01040822275503152
0.0005565835588235294,-0.01148975559624058
0.0005565935588235293,0.01040822275493858
0.0005566035588235294,0.02135721193065761
0.0005566135588235293,0.01040822275507799
0.0005566235588235293,-0.0005407664206310866
0.0005566335588235294,0.01040822275495186
0.0005566435588235293,-0.004190429479154309
0.0005566535588235294,-0.004190429479180863
0.0005566635588235293,-0.004190429479180863
0.0005566735588235294,-0.004190429479141031
0.0005566835588235293,0.01040822275496513
0.0005566935588235294,-0.000540766420624448
0.0005567035588235293,0.003108896637902093
0.0005567135588235294,0.01405788581356802
0.0005567235588235294,-0.00784009253767089
0.0005567335588235293,0.00310889663791869
0.0005567435588235294,-0.007840092537650976
0.0005567535588235293,0.01405788581352819
0.0005567635588235294,-0.004190429479087921
0.0005567735588235293,0.02135721193059787
0.0005567835588235294,0.01040822275500497
0.0005567935588235293,0.003108896637945245
0.0005568035588235294,0.003108896637898774
0.0005568135588235293,-0.007840092537680849
0.0005568235588235294,0.00310889663791869
0.0005568335588235294,0.006758559696468467
0.0005568435588235293,0.006758559696468467
0.0005568535588235294,-0.0005407664206045318
0.0005568635588235293,0.006758559696455189
0.0005568735588235294,0.006758559696468467
0.0005568835588235293,0.006758559696468467
0.0005568935588235294,-0.0005407664206111705
0.0005569035588235293,0.01040822275497841
0.0005569135588235294,0.0140578858135813
0.0005569235588235293,0.02865653804768746
0.0005569335588235294,0.006758559696468467
0.0005569435588235294,-0.007840092537690807
0.0005569535588235293,-0.0005407664206377259
0.0005569635588235294,0.00675855969640208
0.0005569735588235293,-0.01148975559624722
0.0005569835588235294,0.003108896637898774
0.0005569935588235293,-0.004190429479154308
0.0005570035588235294,0.006758559696468467
0.0005570135588235293,0.006758559696468467
0.0005570235588235294,0.0177075488721178
0.0005570335588235293,-0.007840092537591225
0.0005570435588235293,0.01040822275501824
0.0005570535588235294,0.006758559696435274
0.0005570635588235293,-0.0005407664206178095
0.0005570735588235294,0.003108896637945245
0.0005570835588235293,0.01040822275500497
0.0005570935588235294,-0.004190429479167586
0.0005571035588235293,0.003108896637892135
0.0005571135588235294,0.01770754887205805
0.0005571235588235293,-0.01513941865468082
0.0005571335588235294,0.01040822275501824
0.0005571435588235293,0.01040822275501824
0.0005571535588235293,0.01405788581356802
0.0005571635588235294,0.01405788581355474
0.0005571735588235293,0.01040822275502488
0.0005571835588235294,0.01770754887206469
0.0005571935588235293,0.003108896637958523
0.0005572035588235294,0.003108896637945245
0.0005572135588235293,0.01770754887206469
0.0005572235588235294,-0.004190429479160947
0.0005572335588235293,0.006758559696408719
0.0005572435588235294,0.01040822275501824
0.0005572535588235294,0.02135721193056799
0.0005572635588235293,0.003108896637935288
0.0005572735588235294,0.01405788581344852
0.0005572835588235293,-0.01878908171332022
0.0005572935588235294,-0.0005407664206510028
0.0005573035588235293,-0.007840092537704084
0.0005573135588235294,0.01040822275503152
0.0005573235588235293,0.01770754887209124
0.0005573335588235294,0.006758559696468467
0.0005573435588235293,0.006758559696468467
0.0005573535588235293,0.01040822275501824
0.0005573635588235294,0.006758559696468467
0.0005573735588235293,0.006758559696468467
0.0005573835588235294,0.006758559696428635
0.0005573935588235293,-0.004190429479160948
0.0005574035588235294,0.01040822275495849
0.0005574135588235293,-0.01148975559620075
0.0005574235588235294,0.00310889663791869
0.0005574335588235293,0.00310889663791869
0.0005574435588235294,-0.0005407664206310866
0.0005574535588235294,0.01040822275495849
0.0005574635588235293,-0.0005407664206310866
0.0005574735588235294,-0.0005407664205315061
0.0005574835588235293,0.02135721193062774
0.0005574935588235294,0.01770754887207797
0.0005575035588235293,0.006758559696498341
0.0005575135588235294,0.01770754887208461
0.0005575235588235293,-0.0005407664205646992
0.0005575335588235294,0.01770754887215099
0.0005575435588235293,0.0359558641647837
0.0005575535588235294,-0.0005407664206310866
0.0005575635588235294,0.01040822275489875
0.0005575735588235293,-0.0114897555962605
0.0005575835588235294,0.003108896637945245
0.0005575935588235293,0.01040822275500497
0.0005576035588235294,0.006758559696495022
0.0005576135588235293,0.0140578858135481
0.0005576235588235294,-0.00419042947914767
0.0005576335588235293,0.01405788581350163
0.0005576435588235294,-0.0005407664206178093
0.0005576535588235293,0.01405788581348836
0.0005576635588235294,-0.01148975559628042
0.0005576735588235294,0.006758559696488383
0.0005576835588235293,0.01040822275501492
0.0005576935588235294,0.02135721193060118
0.0005577035588235293,0.003108896637951882
0.0005577135588235294,0.01040822275500829
0.0005577235588235293,0.006758559696481745
0.0005577335588235294,0.02135721193064102
0.0005577435588235293,0.006758559696521577
0.0005577535588235294,0.02500687498919411
0.0005577635588235293,-0.0005407664204916743
0.0005577735588235293,0.02500687498921735
0.0005577835588235294,-0.0005407664205978931
0.0005577935588235293,0.006758559696455189
0.0005578035588235294,0.0140578858135813
0.0005578135588235293,0.01770754887211116
0.0005578235588235294,0.02135721193066757
0.0005578335588235293,0.02135721193066757
0.0005578435588235294,0.01040822275501824
0.0005578535588235293,0.01040822275501824
0.0005578635588235294,0.0177075488721178
0.0005578735588235293,0.0177075488721178
0.0005578835588235293,0.01040822275501824
0.0005578935588235294,0.01040822275505144
0.0005579035588235293,0.01770754887210452
0.0005579135588235294,0.006758559696521576
0.0005579235588235293,0.02135721193062774
0.0005579335588235294,0.01770754887210452
0.0005579435588235293,0.0104082227550448
0.0005579535588235294,0.01770754887210452
0.0005579635588235293,0.01040822275505144
0.0005579735588235294,-0.0005407664206310866
0.0005579835588235294,0.006758559696488383
0.0005579935588235293,0.01040822275501492
0.0005580035588235294,0.0104082227550448
0.0005580135588235293,0.01770754887210452
0.0005580235588235294,0.02135721193068085
0.0005580335588235293,0.02500687498920739
0.0005580435588235294,0.02135721193064102
0.0005580535588235293,0.006758559696521577
0.0005580635588235294,0.01770754887210452
0.0005580735588235293,0.003108896637998354
0.0005580835588235294,0.02500687498921735
0.0005580935588235294,0.01040822275501824
0.0005581035588235293,0.01040822275501824
0.0005581135588235294,0.01770754887205141
0.0005581235588235293,-0.0005407664205978949
0.0005581335588235294,0.00310889663796848
0.0005581435588235293,0.02135721193060118
0.0005581535588235294,0.0177075488721178
0.0005581635588235293,0.0177075488721178
0.0005581735588235294,0.01770754887212776
0.0005581835588235293,0.02865653804770738
0.0005581935588235293,0.0177075488721178
0.0005582035588235294,0.02135721193073396
0.0005582135588235293,0.03595586416484012
0.0005582235588235294,0.00310889663791869
0.0005582335588235293,0.00310889663791869
0.0005582435588235294,0.01405788581355806
0.0005582535588235293,0.01040822275503152
0.0005582635588235294,0.01040822275502488
0.0005582735588235293,0.01405788581355142
0.0005582835588235294,-0.0005407664206310866
0.0005582935588235294,0.01040822275511782
0.0005583035588235293,0.02865653804776713
0.0005583135588235294,0.02135721193065097
0.0005583235588235293,0.01770754887212444
0.0005583335588235294,0.02135721193065429
0.0005583435588235293,0.01770754887212776
0.0005583535588235294,0.02135721193069413
0.0005583635588235293,0.03595586416481357
0.0005583735588235294,0.01405788581353483
0.0005583835588235293,-0.00419042947909788
0.0005583935588235294,0.01405788581356802
0.0005584035588235294,0.003108896637938606
0.0005584135588235293,0.006758559696465148
0.0005584235588235294,0.02865653804768746
0.0005584335588235293,0.0067585596965083
0.0005584435588235294,0.006758559696441912
0.0005584535588235293,-0.0005407664206111707
0.0005584635588235294,0.006758559696514938
0.0005584735588235293,0.03230620110622397
0.0005584835588235294,0.01405788581357466
0.0005584935588235293,0.02135721193062774
0.0005585035588235294,0.01405788581356802
0.0005585135588235294,0.0250068749891576
0.0005585235588235293,0.01405788581357798
0.0005585335588235294,0.003108896637945245
0.0005585435588235293,0.01040822275500497
0.0005585535588235294,0.006758559696478425
0.0005585635588235293,0.01040822275500497
0.0005585735588235294,0.03230620110628371
0.0005585835588235293,0.01405788581363441
0.0005585935588235294,0.02500687498921735
0.0005586035588235293,0.006758559696568047
0.0005586135588235293,0.01405788581356802
0.0005586235588235294,0.003108896637985077
0.0005586335588235293,0.01770754887209124
0.0005586435588235294,0.02135721193066757
0.0005586535588235293,0.02135721193066757
0.0005586635588235294,0.01770754887214435
0.0005586735588235293,0.0323062011062638
0.0005586835588235294,0.03230620110629035
0.0005586935588235293,0.01770754887218418
0.0005587035588235294,0.01405788581356802
0.0005587135588235293,0.0250068749891576
0.0005587235588235293,0.01405788581356802
0.0005587335588235294,0.01405788581356802
0.0005587435588235293,0.01405788581356802
0.0005587535588235294,0.02135721193066757
0.0005587635588235293,0.02135721193066757
0.0005587735588235294,0.02135721193066757
0.0005587835588235293,0.02135721193066757
0.0005587935588235294,0.03595586416485341
0.0005588035588235293,0.02865653804780032
0.0005588135588235294,0.03230620110631691
0.0005588235588235294,0.03230620110627708
0.0005588335588235293,0.02500687498922399
0.0005588435588235294,0.01040822275495186
0.0005588535588235293,-0.007840092537697445
0.0005588635588235294,0.02865653804767418
0.0005588735588235293,0.003108896638011633
0.0005588835588235294,0.01405788581356138
0.0005588935588235293,0.01040822275503152
0.0005589035588235294,0.02865653804776381
0.0005589135588235293,0.02500687498923726
0.0005589235588235293,0.02135721193066757
0.0005589335588235294,0.01040822275511782
0.0005589435588235293,0.03230620110627708
0.0005589535588235294,0.02865653804766091
0.0005589635588235293,-0.0005407664205779768
0.0005589735588235294,0.02500687498917752
0.0005589835588235293,0.01040822275507135
0.0005589935588235294,0.02135721193066757
0.0005590035588235293,0.02135721193066757
0.0005590135588235294,0.02135721193066757
0.0005590235588235294,0.01770754887217755
0.0005590335588235293,0.02865653804776713
0.0005590435588235294,0.03230620110616753
0.0005590535588235293,-0.0005407664205713328
0.0005590635588235294,0.02500687498917752
0.0005590735588235293,0.01405788581358794
0.0005590835588235294,0.01040822275502488
0.0005590935588235293,0.01405788581355474
0.0005591035588235294,0.02865653804776049
0.0005591135588235293,0.02500687498923395
0.0005591235588235294,0.01405788581356802
0.0005591335588235294,0.01770754887209788
0.0005591435588235293,0.01405788581357134
0.0005591535588235294,0.01770754887214435
0.0005591635588235293,0.02500687498920407
0.0005591735588235294,0.01770754887210452
0.0005591835588235293,0.01405788581357798
0.0005591935588235294,0.006758559696495022
0.0005592035588235293,0.02135721193061446
0.0005592135588235294,0.01770754887213108
0.0005592235588235293,0.03230620110623724
0.0005592335588235294,0.0177075488721178
0.0005592435588235294,0.01405788581350827
0.0005592535588235293,0.003108896637928647
0.0005592635588235294,0.01040822275507135
0.0005592735588235293,0.02500687498919079
0.0005592835588235294,0.01770754887209788
0.0005592935588235293,0.0104082227550448
0.0005593035588235294,0.006758559696481745
0.0005593135588235293,0.01405788581354146
0.0005593235588235294,0.01770754887211116
0.0005593335588235293,0.01040822275505808
0.0005593435588235293,0.006758559696468467
0.0005593535588235294,0.003108896638034867
0.0005593635588235293,0.02865653804772066
0.0005593735588235294,0.003108896637985077
0.0005593835588235293,0.02135721193063438
0.0005593935588235294,0.003108896637958522
0.0005594035588235293,0.01770754887206469
0.0005594135588235294,0.03595586416484677
0.0005594235588235293,0.02500687498926714
0.0005594335588235294,0.02865653804776713
0.0005594435588235293,0.01040822275511782
0.0005594535588235293,0.006758559696468467
0.0005594635588235294,0.01040822275505144
0.0005594735588235293,0.01770754887210452
0.0005594835588235294,-0.004190429479061367
0.0005594935588235293,0.0286565380476775
0.0005595035588235294,0.01770754887211116
0.0005595135588235293,0.0140578858135813
0.0005595235588235294,0.01040822275503816
0.0005595335588235293,0.02135721193061778
0.0005595435588235294,-0.0005407664206310866
0.0005595535588235294,0.03230620110623724
0.0005595635588235293,0.01770754887213108
0.0005595735588235294,0.006758559696495022
0.0005595835588235293,0.01405788581355474
0.0005595935588235294,0.003108896637945245
0.0005596035588235293,0.01040822275499833
0.0005596135588235294,0.01405788581356138
0.0005596235588235293,0.01040822275503152
0.0005596335588235294,0.02500687498921071
0.0005596435588235293,0.01770754887215763
0.0005596535588235294,0.02500687498921735
0.0005596635588235294,-0.0005407664205315061
0.0005596735588235293,0.0177075488721012
0.0005596835588235294,-0.0005407664205779771
0.0005596935588235293,0.01405788581354146
0.0005597035588235294,0.02135721193065761
0.0005597135588235293,0.01770754887213108
0.0005597235588235294,0.003108896637912051
0.0005597335588235293,-0.0005407664206178091
0.0005597435588235294,0.01405788581355806
0.0005597535588235293,0.003108896637978439
0.0005597635588235293,0.006758559696468467
0.0005597735588235294,0.01405788581361781
0.0005597835588235293,0.02500687498919743
0.0005597935588235294,0.006758559696548132
0.0005598035588235293,0.02865653804772729
0.0005598135588235294,0.01770754887212776
0.0005598235588235293,0.02135721193065429
0.0005598335588235294,0.003108896637938606
0.0005598435588235293,0.01405788581351823
0.0005598535588235294,0.01405788581356802
0.0005598635588235294,0.006758559696488383
0.0005598735588235293,0.01040822275501824
0.0005598835588235294,0.006758559696468467
0.0005598935588235293,0.006758559696468467
0.0005599035588235294,0.003108896637998355
0.0005599135588235293,0.0250068749891576
0.0005599235588235294,0.0140578858135481
0.0005599335588235293,0.003108896637958523
0.0005599435588235294,0.0177075488721178
0.0005599535588235293,0.0177075488721178
0.0005599635588235294,0.00310889663791869
0.0005599735588235294,0.006758559696508299
0.0005599835588235293,0.01405788581356138
0.0005599935588235294,0.02135721193061446
0.0005600035588235293,0.006758559696495022
0.0005600135588235294,0.01770754887207797
0.0005600235588235293,0.006758559696498341
0.0005600335588235294,0.02135721193065429
0.0005600435588235293,0.01405788581359457
0.0005600535588235294,0.006758559696475106
0.0005600635588235293,0.01405788581352819
0.0005600735588235294,0.006758559696468467
0.0005600835588235294,0.01770754887205805
0.0005600935588235293,0.006758559696478424
0.0005601035588235294,-0.007840092537650976
0.0005601135588235293,0.01405788581352819
0.0005601235588235294,-0.01148975559627046
0.0005601335588235293,-0.007840092537743917
0.0005601435588235294,0.003108896637938606
0.0005601535588235293,0.01405788581352819
0.0005601635588235294,-0.004190429479167586
0.0005601735588235293,0.01040822275493858
0.0005601835588235293,0.01405788581356802
0.0005601935588235294,0.003108896638068061
0.0005602035588235293,0.03595586416480693
0.0005602135588235294,0.01040822275503152
0.0005602235588235293,0.01405788581356138
0.0005602335588235294,-0.007840092537690807
0.0005602435588235293,0.01405788581348835
0.0005602535588235294,-0.0005407664206111705
0.0005602635588235293,0.01040822275496845
0.0005602735588235294,0.02135721193066757
0.0005602835588235293,-0.00784009253757131
0.0005602935588235293,0.0177075488721178
0.0005603035588235294,0.01770754887210452
0.0005603135588235293,0.01405788581357466
0.0005603235588235294,0.006758559696455189
0.0005603335588235293,0.003108896637928648
0.0005603435588235294,0.003108896637931968
0.0005603535588235293,0.01040822275499169
0.0005603635588235294,0.01040822275503816
0.0005603735588235293,0.02135721193061778
0.0005603835588235294,0.01040822275501824
0.0005603935588235294,-0.0005407664205514223
0.0005604035588235293,0.01405788581355474
0.0005604135588235294,0.006758559696468467
0.0005604235588235293,0.006758559696468467
0.0005604335588235294,0.006758559696428635
0.0005604435588235293,-0.00419042947915099
0.0005604535588235294,0.02135721193065429
0.0005604635588235293,0.01405788581359457
0.0005604735588235294,0.01040822275501161
0.0005604835588235293,0.003108896637958522
0.0005604935588235293,0.01040822275501824
0.0005605035588235294,0.00310889663791869
0.0005605135588235293,0.00310889663791869
0.0005605235588235294,0.01405788581354146
0.0005605335588235293,0.006758559696481745
0.0005605435588235294,0.006758559696448551
0.0005605535588235293,-0.0005407664206045319
0.0005605635588235294,0.00310889663791869
0.0005605735588235293,0.00310889663791869
0.0005605835588235294,0.00310889663791869
0.0005605935588235294,-0.0005407664205912545
0.0005606035588235293,0.006758559696468467
0.0005606135588235294,0.01770754887203482
0.0005606235588235293,-0.0005407664205978949
0.0005606335588235294,-0.0005407664205912545
0.0005606435588235293,0.01040822275499833
0.0005606535588235294,0.01040822275501824
0.0005606635588235293,0.01040822275501824
0.0005606735588235294,0.02135721193066093
0.0005606835588235293,0.0177075488721344
0.0005606935588235294,0.01405788581356802
0.0005607035588235294,-0.0005407664205514223
0.0005607135588235293,0.01405788581356802
0.0005607235588235294,-0.000540766420644364
0.0005607335588235293,-0.004190429479174224
0.0005607435588235294,0.006758559696428635
0.0005607535588235293,-0.00419042947915099
0.0005607635588235294,-0.01148975559621403
0.0005607735588235293,0.02500687498908457
0.0005607835588235294,0.003108896637928648
0.0005607935588235293,0.01405788581350827
0.0005608035588235294,0.01040822275501824
0.0005608135588235294,0.01770754887207797
0.0005608235588235293,0.01040822275502488
0.0005608335588235294,-0.004190429479034812
0.0005608435588235293,0.03595586416479365
0.0005608535588235294,0.01040822275500829
0.0005608635588235293,0.006758559696481745
0.0005608735588235294,0.01040822275499833
0.0005608835588235293,-0.0005407664205912543
0.0005608935588235294,0.003108896637935287
0.0005609035588235293,0.02135721193056799
0.0005609135588235293,-0.0005407664206310866
0.0005609235588235294,0.02865653804768414
0.0005609335588235293,0.01040822275505144
0.0005609435588235294,0.006758559696481745
0.0005609535588235293,0.01040822275501161
0.0005609635588235294,0.02135721193067753
0.0005609735588235293,0.02500687498920407
0.0005609835588235294,0.01040822275500497
0.0005609935588235293,0.003108896637951883
0.0005610035588235294,0.00310889663791869
0.0005610135588235293,0.006758559696448551
0.0005610235588235293,-0.007840092537730639
0.0005610335588235294,0.02135721193056799
0.0005610435588235293,-0.0005407664205912543
0.0005610535588235294,0.01770754887210452
0.0005610635588235293,0.01405788581357798
0.0005610735588235294,-0.004190429479154308
0.0005610835588235293,0.01040822275496513
0.0005610935588235294,-0.007840092537717362
0.0005611035588235293,-0.0005407664206642801
0.0005611135588235294,-0.007840092537730639
0.0005611235588235294,0.02135721193068749
0.0005611335588235293,0.02500687498921403
0.0005611435588235294,0.0140578858135813
0.0005611535588235293,0.01770754887211116
0.0005611635588235294,-0.004190429479141031
0.0005611735588235293,0.006758559696438594
0.0005611835588235294,0.01770754887210452
0.0005611935588235293,0.0104082227550448
0.0005612035588235294,0.02135721193065097
0.0005612135588235293,0.00310889663801827
0.0005612235588235294,-0.0005407664206310866
0.0005612335588235294,0.01405788581352819
0.0005612435588235293,0.006758559696475106
0.0005612535588235294,0.0323062011062638
0.0005612635588235293,0.01770754887214435
0.0005612735588235294,0.01040822275504812
0.0005612835588235293,0.02135721193062774
0.0005612935588235294,0.02865653804774721
0.0005613035588235293,0.01770754887215763
0.0005613135588235294,0.003108896637928648
0.0005613235588235293,0.01405788581350827
0.0005613335588235293,0.006758559696468467
0.0005613435588235294,0.003108896638001674
0.0005613535588235293,0.02135721193063438
0.0005613635588235294,-0.0005407664205912545
0.0005613735588235293,0.01040822275499833
0.0005613835588235294,0.01405788581355806
0.0005613935588235293,0.01040822275503152
0.0005614035588235294,-0.0005407664206178093
0.0005614135588235293,0.006758559696435275
0.0005614235588235294,0.00310889663791869
0.0005614335588235294,0.02135721193050824
0.0005614435588235293,-0.007840092537730639
0.0005614535588235294,-0.007840092537714043
0.0005614635588235293,-0.004190429479187502
0.0005614735588235294,-0.007840092537704084
0.0005614835588235293,-0.0005407664206510034
0.0005614935588235294,0.006758559696461828
0.0005615035588235293,0.003108896637931968
0.0005615135588235294,0.01770754887209788
0.0005615235588235293,0.006758559696518257
0.0005615335588235294,0.00310889663791869
0.0005615435588235294,0.01040822275491866
0.0005615535588235293,-0.00784009253771404
0.0005615635588235294,-0.0005407664206178093
0.0005615735588235293,0.003108896637912051
0.0005615835588235294,0.01405788581354146
0.0005615935588235293,0.006758559696488383
0.0005616035588235294,-0.004190429479167586
0.0005616135588235293,0.003108896637892135
0.0005616235588235294,-0.0005407664206211286
0.0005616335588235293,0.01040822275495849
0.0005616435588235294,0.006758559696468467
0.0005616535588235294,0.006758559696448551
0.0005616635588235293,0.003108896637922009
0.0005616735588235294,0.006758559696481745
0.0005616835588235293,0.01040822275501161
0.0005616935588235294,0.01405788581358794
0.0005617035588235293,0.02135721193064102
0.0005617135588235294,0.003108896637885496
0.0005617235588235293,-0.0151394186547638
0.0005617335588235294,0.006758559696465148
0.0005617435588235293,0.003108896637938606
0.0005617535588235293,0.006758559696468467
0.0005617635588235294,0.006758559696534854
0.0005617735588235293,0.02135721193064102
0.0005617835588235294,0.006758559696495022
0.0005617935588235293,0.01405788581355474
0.0005618035588235294,-0.007840092537631059
0.0005618135588235293,0.02865653804763435
0.0005618235588235294,0.01405788581353483
0.0005618335588235293,-0.00419042947909788
0.0005618435588235294,0.01040822275501824
0.0005618535588235293,0.01040822275501824
0.0005618635588235293,0.006758559696468467
0.0005618735588235294,0.02135721193064102
0.0005618835588235293,0.0140578858135813
0.0005618935588235294,-0.007840092537664253
0.0005619035588235293,0.01040822275496845
0.0005619135588235294,0.006758559696481745
0.0005619235588235293,0.01405788581354146
0.0005619335588235294,0.01770754887208461
0.0005619435588235293,-0.0005407664205481048
0.0005619535588235294,0.0177075488721178
0.0005619635588235294,0.00310889663791869
0.0005619735588235293,0.00310889663791869
0.0005619835588235294,-0.000540766420644364
0.0005619935588235293,-0.004190429479174224
0.0005620035588235294,0.01405788581354146
0.0005620135588235293,0.006758559696488383
0.0005620235588235294,-0.007840092537737278
0.0005620335588235293,-0.01148975559626714
0.0005620435588235294,-0.007840092537717362
0.0005620535588235293,0.006758559696388803
0.0005620635588235294,-0.007840092537730639
0.0005620735588235294,0.02135721193058791
0.0005620835588235293,0.006758559696481745
0.0005620935588235294,0.006758559696481745
0.0005621035588235293,0.01040822275501161
0.0005621135588235294,0.003108896637958522
0.0005621235588235293,0.01770754887206469
0.0005621335588235294,-0.007840092537690807
0.0005621435588235293,0.01405788581348835
0.0005621535588235294,0.0177075488721178
0.0005621635588235294,-0.0005407664206510028
0.0005621735588235293,-0.004190429479180863
0.0005621835588235294,-0.0005407664206974736
0.0005621935588235293,-0.01513941865480364
0.0005622035588235294,0.006758559696481745
0.0005622135588235293,0.01040822275501161
0.0005622235588235294,0.006758559696448551
0.0005622335588235293,-0.004190429479141031
0.0005622435588235294,0.003108896637925329
0.0005622535588235293,0.006758559696451871
0.0005622635588235294,0.01040822275501824
0.0005622735588235294,0.003108896637938606
0.0005622835588235293,0.006758559696468467
0.0005622935588235294,0.01405788581355474
0.0005623035588235293,0.01040822275502488
0.0005623135588235294,0.006758559696441912
0.0005623235588235293,-0.0005407664206111707
0.0005623335588235294,-0.007840092537710723
0.0005623435588235293,0.003108896637878857
0.0005623535588235294,0.01405788581356138
0.0005623635588235293,0.01040822275503816
0.0005623735588235294,0.02135721193066757
0.0005623835588235294,0.01405788581338877
0.0005623935588235293,-0.0187890817133501
0.0005624035588235294,0.006758559696441912
0.0005624135588235293,-0.0005407664206178095
0.0005624235588235294,0.01040822275498837
0.0005624335588235293,-0.0005407664205912543
0.0005624435588235294,0.003108896637945245
0.0005624535588235293,0.01770754887206469
0.0005624635588235294,0.02135721193065097
0.0005624735588235293,0.00310889663801827
0.0005624835588235293,0.01040822275501824
0.0005624935588235294,0.01405788581348504
0.0005625035588235293,-0.00419042947914767
0.0005625135588235294,0.006758559696481745
0.0005625235588235293,0.01040822275501161
0.0005625335588235294,0.01040822275495849
0.0005625435588235293,-0.01148975559620075
0.0005625535588235294,-0.004190429479127754
0.0005625635588235293,0.02500687498911113
0.0005625735588235294,-0.007840092537730639
0.0005625835588235293,0.01405788581344852
0.0005625935588235293,0.00310889663791869
0.0005626035588235294,0.006758559696468467
0.0005626135588235293,0.006758559696468467
0.0005626235588235294,0.006758559696441912
0.0005626335588235293,-0.0005407664206111707
0.0005626435588235294,-0.007840092537697445
0.0005626535588235293,0.01040822275495185
0.0005626635588235294,0.02135721193064102
0.0005626735588235293,0.006758559696534853
0.0005626835588235294,0.01405788581356802
0.0005626935588235294,-0.00784009253767089
0.0005627035588235293,0.003108896637908733
0.0005627135588235294,-0.004190429479127754
0.0005627235588235293,0.01040822275499169
0.0005627335588235294,0.0177075488721178
0.0005627435588235293,0.0177075488721178
0.0005627535588235294,0.01405788581356802
0.0005627635588235293,0.01405788581356802
0.0005627735588235294,0.01405788581357134
0.0005627835588235293,0.01770754887209788
0.0005627935588235294,0.00310889663791869
0.0005628035588235294,-0.004190429479101199
0.0005628135588235293,0.01040822275500497
0.0005628235588235294,-0.0005407664205779771
0.0005628335588235293,0.01405788581354146
0.0005628435588235294,0.003108896637888816
0.0005628535588235293,-0.007840092537690807
0.0005628635588235294,0.01405788581352819
0.0005628735588235293,-0.007840092537650974
0.0005628835588235294,0.006758559696468467
0.0005628935588235293,0.006758559696468467
0.0005629035588235293,0.0177075488721178
0.0005629135588235294,0.6308509427192018
0.0005629235588235293,2.988533278527347
0.0005629335588235294,4.225769055378537
0.0005629435588235293,3.820656455881722
0.0005629535588235294,2.973934626297088
0.0005629635588235293,2.846196419248659
0.0005629735588235294,3.127220474757058
0.0005629835588235293,3.419193519439182
0.0005629935588235294,3.41554385638196
0.0005630035588235294,3.240360029571332
0.0005630135588235293,3.196564072868973
0.0005630235588235294,3.203863398986404
0.0005630335588235293,3.276856660156935
0.0005630435588235294,3.287805649332664
0.0005630535588235293,3.273206997098558
0.0005630635588235294,3.2586083448643
0.0005630735588235293,3.24765935568871
0.0005630835588235294,3.269557334039995
0.0005630935588235293,3.284155986274102
0.0005631035588235294,3.273206997098518
0.0005631135588235294,3.269557334039869
0.0005631235588235293,3.251309018747236
0.0005631335588235294,3.25495868180581
0.0005631435588235293,3.265907670981399
0.0005631535588235294,3.262258007922922
0.0005631635588235293,3.276856660157028
0.0005631735588235294,3.269557334039976
0.0005631835588235293,3.273206997098505
0.0005631935588235294,3.287805649332708
0.0005632035588235293,3.276856660157128
0.0005632135588235294,3.262258007922869
0.0005632235588235294,3.269557334040029
0.0005632335588235293,3.280506323215608
0.0005632435588235294,3.276856660157121
0.0005632535588235293,3.291455312391241
0.0005632635588235294,3.280506323215608
0.0005632735588235293,3.276856660157081
0.0005632835588235294,3.287805649332724
0.0005632935588235293,3.291455312391254
0.0005633035588235294,3.276856660157068
0.0005633135588235293,3.276856660157068
0.0005633235588235293,3.287805649332717
0.0005633335588235294,3.273206997098602
0.0005633435588235293,3.291455312391234
0.0005633535588235294,3.280506323215645
0.0005633635588235293,3.287805649332704
0.0005633735588235294,3.269557334040019
0.0005633835588235293,3.287805649332651
0.0005633935588235294,3.291455312391268
0.0005634035588235293,3.291455312391268
0.0005634135588235294,3.287805649332717
0.0005634235588235293,3.298754638508307
0.0005634335588235293,3.284155986274168
0.0005634435588235294,3.29510497544985
0.0005634535588235293,3.302404301566904
0.0005634635588235294,3.302404301566824
0.0005634735588235293,3.276856660157138
0.0005634835588235294,3.295104975449824
0.0005634935588235293,3.298754638508353
0.0005635035588235294,3.306053964625467
0.0005635135588235293,3.306053964625467
0.0005635235588235294,3.295104975449817
0.0005635335588235294,3.295104975449797
0.0005635435588235293,3.291455312391271
0.0005635535588235294,3.30240430156693
0.0005635635588235293,3.30605396462546
0.0005635735588235294,3.309703627683963
0.0005635835588235293,3.295104975449857
0.0005635935588235294,3.302404301566904
0.0005636035588235293,3.295104975449844
0.0005636135588235294,3.284155986274178
0.0005636235588235293,3.295104975449757
0.0005636335588235294,3.313353290742566
0.0005636435588235294,3.313353290742447
0.0005636535588235293,3.291455312391288
0.0005636635588235294,3.287805649332771
0.0005636735588235293,3.30240430156689
0.0005636835588235294,3.320652616859636
0.0005636935588235293,3.309703627684056
0.0005637035588235294,3.317002953801069
0.0005637135588235293,3.29145531239136
0.0005637235588235294,3.309703627684019
0.0005637335588235294,3.313353290742467
0.0005637435588235293,3.295104975449817
0.0005637535588235294,3.298754638508383
0.0005637635588235293,3.30240430156691
0.0005637735588235294,3.309703627684016
0.0005637835588235293,3.309703627684016
0.0005637935588235294,3.309703627684016
0.0005638035588235293,3.309703627684016
0.0005638135588235294,3.30970362768399
0.0005638235588235293,3.295104975449883
0.0005638335588235294,3.302404301566917
0.0005638435588235294,3.309703627683976
0.0005638535588235293,3.302404301566917
0.0005638635588235294,3.309703627684043
0.0005638735588235293,3.317002953801103
0.0005638835588235294,3.306053964625413
0.0005638935588235293,3.291455312391308
0.0005639035588235294,3.306053964625453
0.0005639135588235293,3.298754638508393
0.0005639235588235294,3.3060539646255
0.0005639335588235293,3.324302279918133
0.0005639435588235294,3.302404301566917
0.0005639535588235294,3.306053964625427
0.0005639635588235293,3.298754638508373
0.0005639735588235294,3.30970362768399
0.0005639835588235293,3.30240430156693
0.0005639935588235294,3.309703627684056
0.0005640035588235293,3.320652616859626
0.0005640135588235294,3.298754638508393
0.0005640235588235293,3.313353290742513
0.0005640335588235294,3.327951942976755
0.0005640435588235293,3.317002953801176
0.0005640535588235293,3.306053964625467
0.0005640635588235294,3.313353290742533
0.0005640735588235293,3.30605396462548
0.0005640835588235294,3.295104975449897
0.0005640935588235293,3.317002953801076
0.0005641035588235294,3.309703627684016
0.0005641135588235293,3.309703627684016
0.0005641235588235294,3.306053964625447
0.0005641335588235293,3.295104975449857
0.0005641435588235294,3.309703627684016
0.0005641535588235293,3.309703627684016
0.0005641635588235293,3.309703627684016
0.0005641735588235294,3.291455312391367
0.0005641835588235293,3.313353290742526
0.0005641935588235294,3.29875463850838
0.0005642035588235293,3.30240430156691
0.0005642135588235294,3.29510497544987
0.0005642235588235293,3.324302279918109
0.0005642335588235294,3.306053964625447
0.0005642435588235293,3.295104975449867
0.0005642535588235294,3.291455312391268
0.0005642635588235294,3.291455312391327
0.0005642735588235293,3.302404301566907
0.0005642835588235294,3.29510497544987
0.0005642935588235293,3.30970362768399
0.0005643035588235294,3.298754638508367
0.0005643135588235293,3.298754638508367
0.0005643235588235294,3.291455312391288
0.0005643335588235293,3.302404301566877
0.0005643435588235294,3.317002953801099
0.0005643535588235293,3.298754638508466
0.0005643635588235294,3.306053964625467
0.0005643735588235294,3.302404301566937
0.0005643835588235293,3.306053964625463
0.0005643935588235294,3.30970362768399
0.0005644035588235293,3.30240430156693
0.0005644135588235294,3.291455312391337
0.0005644235588235293,3.317002953801023
0.0005644335588235294,3.324302279918202
0.0005644435588235293,3.317002953801143
0.0005644535588235294,3.302404301566917
0.0005644635588235293,3.302404301566917
0.0005644735588235293,3.306053964625467
0.0005644835588235294,3.302404301566834
0.0005644935588235293,3.284155986274201
0.0005645035588235294,3.29510497544991
0.0005645135588235293,3.320652616859619
0.0005645235588235294,3.287805649332737
0.0005645335588235293,3.295104975449791
0.0005645435588235294,3.317002953801109
0.0005645535588235293,3.313353290742583
0.0005645635588235294,3.309703627684016
0.0005645735588235294,3.317002953801056
0.0005645835588235293,3.306053964625467
0.0005645935588235294,3.30605396462545
0.0005646035588235293,3.302404301566924
0.0005646135588235294,3.30970362768395
0.0005646235588235293,3.291455312391317
0.0005646335588235294,3.327951942976699
0.0005646435588235293,3.2914553123914
0.0005646535588235294,3.317002953801083
0.0005646635588235293,3.29875463850845
0.0005646735588235294,3.306053964625467
0.0005646835588235294,3.320652616859586
0.0005646935588235293,3.30605396462548
0.0005647035588235294,3.317002953801063
0.0005647135588235293,3.302404301566944
0.0005647235588235294,3.30240430156693
0.0005647335588235293,3.306053964625457
0.0005647435588235294,3.29510497544983
0.0005647535588235293,3.30240430156689
0.0005647635588235294,3.320652616859666
0.0005647735588235293,3.320652616859666
0.0005647835588235294,3.306053964625467
0.0005647935588235294,3.298754638508367
0.0005648035588235293,3.298754638508367
0.0005648135588235294,3.306053964625493
0.0005648235588235293,3.313353290742553
0.0005648335588235294,3.298754638508387
0.0005648435588235293,3.30605396462544
0.0005648535588235294,3.30240430156691
0.0005648635588235293,3.29875463850838
0.0005648735588235294,3.309703627684006
0.0005648835588235293,3.298754638508427
0.0005648935588235293,3.306053964625467
0.0005649035588235294,3.302404301567033
0.0005649135588235293,3.327951942976719
0.0005649235588235294,3.298754638508393
0.0005649335588235293,3.306053964625453
0.0005649435588235294,3.302404301566907
0.0005649535588235293,3.29875463850838
0.0005649635588235294,3.309703627684023
0.0005649735588235293,3.31335329074255
0.0005649835588235294,3.287805649332717
0.0005649935588235293,3.306053964625367
0.0005650035588235293,3.287805649332717
0.0005650135588235294,3.295104975449867
0.0005650235588235293,3.306053964625447
0.0005650335588235294,3.317002953801063
0.0005650435588235293,3.302404301566957
0.0005650535588235294,3.291455312391308
0.0005650635588235293,3.313353290742487
0.0005650735588235294,3.302404301566897
0.0005650835588235293,3.291455312391317
0.0005650935588235294,3.313353290742566
0.0005651035588235293,3.309703627684036
0.0005651135588235293,3.29510497544983
0.0005651235588235294,3.320652616859612
0.0005651335588235293,3.306053964625493
0.0005651435588235294,3.313353290742553
0.0005651535588235293,3.309703627684026
0.0005651635588235294,3.313353290742586
0.0005651735588235293,3.324302279918176
0.0005651835588235294,3.291455312391281
0.0005651935588235293,3.306053964625387
0.0005652035588235294,3.302404301566917
0.0005652135588235294,3.317002953801036
0.0005652235588235293,3.30240430156693
0.0005652335588235294,3.284155986274194
0.0005652435588235293,3.291455312391254
0.0005652535588235294,3.302404301566947
0.0005652635588235293,3.313353290742526
0.0005652735588235294,3.309703627684023
0.0005652835588235293,3.313353290742553
0.0005652935588235294,3.302404301566917
0.0005653035588235294,3.302404301566897
0.0005653135588235293,3.298754638508367
0.0005653235588235294,3.302404301566917
0.0005653335588235293,3.302404301566917
0.0005653435588235294,3.298754638508393
0.0005653535588235293,3.306053964625453
0.0005653635588235294,3.298754638508373
0.0005653735588235293,3.302404301566904
0.0005653835588235294,3.29875463850838
0.0005653935588235293,3.306053964625433
0.0005654035588235294,3.317002953801116
0.0005654135588235294,3.306053964625566
0.0005654235588235293,3.324302279918216
0.0005654335588235294,3.320652616859626
0.0005654435588235293,3.309703627684036
0.0005654535588235294,3.31700295380101
0.0005654635588235293,3.287805649332797
0.0005654735588235294,3.327951942976705
0.0005654835588235293,3.295104975449937
0.0005654935588235294,3.287805649332757
0.0005655035588235293,3.309703627683917
0.0005655135588235294,3.295104975449817
0.0005655235588235294,3.302404301567016
0.0005655335588235293,3.320652616859649
0.0005655435588235294,3.29875463850838
0.0005655535588235293,3.30240430156691
0.0005655635588235294,3.291455312391347
0.0005655735588235293,3.313353290742506
0.0005655835588235294,3.320652616859632
0.0005655935588235293,3.302404301566983
0.0005656035588235294,3.317002953801116
0.0005656135588235293,3.317002953801116
0.0005656235588235293,3.317002953801116
0.0005656335588235294,3.309703627684056
0.0005656435588235293,3.317002953801103
0.0005656535588235294,3.320652616859666
0.0005656635588235293,3.320652616859666
0.0005656735588235294,3.313353290742576
0.0005656835588235293,3.317002953801103
0.0005656935588235294,3.287805649332731
0.0005657035588235293,3.295104975449791
0.0005657135588235294,3.309703627684016
0.0005657235588235293,3.317002953801076
0.0005657335588235293,3.306053964625467
0.0005657435588235294,3.295104975449883
0.0005657535588235293,3.30970362768399
0.0005657635588235294,3.295104975449817
0.0005657735588235293,3.295104975449817
0.0005657835588235294,3.313353290742546
0.0005657935588235293,3.302404301566957
0.0005658035588235294,3.29875463850842
0.0005658135588235293,3.327951942976632
0.0005658235588235294,3.317002953801116
0.0005658335588235293,3.324302279918176
0.0005658435588235293,3.309703627684016
0.0005658535588235294,3.298754638508407
0.0005658635588235293,3.309703627683996
0.0005658735588235294,3.317002953801089
0.0005658835588235293,3.309703627684036
0.0005658935588235294,3.29510497544985
0.0005659035588235293,3.3133532907425
0.0005659135588235294,3.30240430156693
0.0005659235588235293,3.317002953801036
0.0005659335588235294,3.306053964625467
0.0005659435588235294,3.302404301567016
0.0005659535588235293,3.320652616859649
0.0005659635588235294,3.309703627684029
0.0005659735588235293,3.31335329074256
0.0005659835588235294,3.298754638508417
0.0005659935588235293,3.31700295380105
0.0005660035588235294,3.302404301566904
0.0005660135588235293,3.295104975449844
0.0005660235588235294,3.29510497544982
0.0005660335588235294,3.298754638508407
0.0005660435588235293,3.306053964625467
0.0005660535588235294,3.3060539646255
0.0005660635588235293,3.313353290742553
0.0005660735588235294,3.31700295380105
0.0005660835588235293,3.2987546385084
0.0005660935588235294,3.306053964625437
0.0005661035588235293,3.295104975449857
0.0005661135588235294,3.30240430156691
0.0005661235588235293,3.298754638508383
0.0005661335588235294,3.313353290742566
0.0005661435588235294,3.317002953800996
0.0005661535588235293,3.295104975449817
0.0005661635588235294,3.29875463850845
0.0005661735588235293,3.317002953801083
0.0005661835588235294,3.30970362768395
0.0005661935588235293,3.291455312391317
0.0005662035588235294,3.317002953801076
0.0005662135588235293,3.295104975449897
0.0005662235588235294,3.298754638508373
0.0005662335588235293,3.3024043015669
0.0005662435588235294,3.309703627684016
0.0005662535588235294,3.302404301566917
0.0005662635588235293,3.302404301566917
0.0005662735588235294,3.306053964625467
0.0005662835588235293,3.306053964625467
0.0005662935588235294,3.295104975449844
0.0005663035588235293,3.302404301566897
0.0005663135588235294,3.306053964625447
0.0005663235588235293,3.295104975449857
0.0005663335588235294,3.31335329074256
0.0005663435588235293,3.306053964625506
0.0005663535588235294,3.298754638508367
0.0005663635588235294,3.295104975449897
0.0005663735588235293,3.309703627684003
0.0005663835588235294,3.313353290742513
0.0005663935588235293,3.298754638508393
0.0005664035588235294,3.309703627684046
0.0005664135588235293,3.320652616859626
0.0005664235588235294,3.320652616859659
0.0005664335588235293,3.317002953801129
0.0005664435588235294,3.31335329074256
0.0005664535588235293,3.306053964625506
0.0005664635588235293,3.317002953801116
0.0005664735588235294,3.2987546385084
0.0005664835588235293,3.306053964625453
0.0005664935588235294,3.30240430156689
0.0005665035588235293,3.29510497544983
0.0005665135588235294,3.298754638508357
0.0005665235588235293,3.29510497544983
0.0005665335588235294,3.309703627684009
0.0005665435588235293,3.306053964625483
0.0005665535588235294,3.320652616859666
0.0005665635588235293,3.302404301567016
0.0005665735588235293,3.324302279918216
0.0005665835588235294,3.298754638508317
0.0005665935588235293,3.287805649332737
0.0005666035588235294,3.313353290742433
0.0005666135588235293,3.276856660157168
0.0005666235588235294,3.298754638508393
0.0005666335588235293,3.313353290742513
0.0005666435588235294,3.31335329074254
0.0005666535588235293,3.298754638508433
0.0005666635588235294,3.306053964625467
0.0005666735588235293,3.324302279918116
0.0005666835588235293,3.324302279918216
0.0005666935588235294,3.31700295380105
0.0005667035588235293,3.2987546385084
0.0005667135588235294,3.306053964625493
0.0005667235588235293,3.313353290742546
0.0005667335588235294,3.31335329074254
0.0005667435588235293,3.29875463850842
0.0005667535588235294,3.280506323215648
0.0005667635588235293,3.313353290742387
0.0005667735588235294,3.313353290742566
0.0005667835588235294,3.309703627684016
0.0005667935588235293,3.309703627684016
0.0005668035588235294,3.320652616859612
0.0005668135588235293,3.306053964625493
0.0005668235588235294,3.298754638508407
0.0005668335588235293,3.313353290742513
0.0005668435588235294,3.309703627683996
0.0005668535588235293,3.298754638508407
0.0005668635588235294,3.306053964625457
0.0005668735588235294,3.295104975449877
0.0005668835588235293,3.306053964625467
0.0005668935588235294,3.309703627683983
0.0005669035588235293,3.30240430156693
0.0005669135588235294,3.302404301566904
0.0005669235588235293,3.298754638508373
0.0005669335588235294,3.287805649332727
0.0005669435588235293,3.291455312391254
0.0005669535588235294,3.291455312391281
0.0005669635588235293,3.298754638508334
0.0005669735588235294,3.320652616859666
0.0005669835588235294,3.291455312391427
0.0005669935588235293,3.320652616859666
0.0005670035588235294,3.298754638508433
0.0005670135588235293,3.317002953801083
0.0005670235588235294,3.306053964625453
0.0005670335588235293,3.302404301566927
0.0005670435588235294,3.287805649332744
0.0005670535588235293,3.302404301566864
0.0005670635588235294,3.30605396462546
0.0005670735588235293,3.302404301566933
0.0005670835588235294,3.309703627684016
0.0005670935588235294,3.317002953801116
0.0005671035588235293,3.317002953801116
0.0005671135588235294,3.309703627683976
0.0005671235588235293,3.298754638508387
0.0005671335588235294,3.30970362768399
0.0005671435588235293,3.302404301566937
0.0005671535588235294,3.306053964625447
0.0005671635588235293,3.295104975449857
0.0005671735588235294,3.30240430156692
0.0005671835588235293,3.306053964625447
0.0005671935588235294,3.306053964625467
0.0005672035588235294,3.309703627683976
0.0005672135588235293,3.302404301566924
0.0005672235588235294,3.30240430156689
0.0005672335588235293,3.29510497544983
0.0005672435588235294,3.306053964625437
0.0005672535588235293,3.295104975449857
0.0005672635588235294,3.317002953801089
0.0005672735588235293,3.30240430156697
0.0005672835588235294,3.287805649332717
0.0005672935588235293,3.280506323215658
0.0005673035588235293,3.320652616859666
0.0005673135588235294,3.309703627684066
0.0005673235588235293,3.320652616859646
0.0005673335588235294,3.327951942976686
0.0005673435588235293,3.306053964625506
0.0005673535588235294,3.317002953801103
0.0005673635588235293,3.309703627684043
0.0005673735588235294,3.313353290742546
0.0005673835588235293,3.302404301566967
0.0005673935588235294,3.298754638508367
0.0005674035588235293,3.295104975449837
0.0005674135588235293,3.317002953801116
0.0005674235588235294,3.30240430156697
0.0005674335588235293,3.317002953801089
0.0005674435588235294,3.29510497544987
0.0005674535588235293,3.309703627683976
0.0005674635588235294,3.317002953801083
0.0005674735588235293,3.298754638508433
0.0005674835588235294,3.30240430156693
0.0005674935588235293,3.309703627683976
0.0005675035588235294,3.287805649332717
0.0005675135588235294,3.298754638508407
0.0005675235588235293,3.30605396462546
0.0005675335588235294,3.298754638508407
0.0005675435588235293,3.309703627683996
0.0005675535588235294,3.295104975449797
0.0005675635588235293,3.287805649332744
0.0005675735588235294,3.295104975449837
0.0005675835588235293,3.306053964625427
0.0005675935588235294,3.309703627684009
0.0005676035588235293,3.302404301566957
0.0005676135588235293,3.306053964625467
0.0005676235588235294,3.30605396462545
0.0005676335588235293,3.302404301566924
0.0005676435588235294,3.3060539646254
0.0005676535588235293,3.287805649332751
0.0005676635588235294,3.306053964625427
0.0005676735588235293,3.291455312391321
0.0005676835588235294,3.313353290742533
0.0005676935588235293,3.295104975449883
0.0005677035588235294,3.306053964625467
0.0005677135588235294,3.306053964625347
0.0005677235588235293,3.284155986274168
0.0005677335588235294,3.31335329074255
0.0005677435588235293,3.309703627684023
0.0005677535588235294,3.287805649332717
0.0005677635588235293,3.287805649332717
0.0005677735588235294,3.298754638508367
0.0005677835588235293,3.298754638508367
0.0005677935588235294,3.30605396462548
0.0005678035588235293,3.313353290742533
0.0005678135588235294,3.298754638508367
0.0005678235588235294,3.295104975449937
0.0005678335588235293,3.317002953801096
0.0005678435588235294,3.291455312391281
0.0005678535588235293,3.295104975449811
0.0005678635588235294,3.29875463850842
0.0005678735588235293,3.313353290742526
0.0005678835588235294,3.291455312391301
0.0005678935588235293,3.30970362768395
0.0005679035588235294,3.31335329074255
0.0005679135588235293,3.295104975449917
0.0005679235588235294,3.317002953801116
0.0005679335588235294,3.306053964625467
0.0005679435588235293,3.306053964625467
0.0005679535588235294,3.295104975449883
0.0005679635588235293,3.313353290742533
0.0005679735588235294,3.306053964625487
0.0005679835588235293,3.31335329074254
0.0005679935588235294,3.298754638508373
0.0005680035588235293,3.302404301566904
0.0005680135588235294,3.306053964625453
0.0005680235588235293,3.291455312391347
0.0005680335588235293,3.302404301566917
0.0005680435588235294,3.298754638508417
0.0005680535588235293,3.309703627683996
0.0005680635588235294,3.29510497544983
0.0005680735588235293,3.29875463850836
0.0005680835588235294,3.302404301566937
0.0005680935588235293,3.30970362768399
0.0005681035588235294,3.295104975449811
0.0005681135588235293,3.291455312391284
0.0005681235588235294,3.295104975449817
0.0005681335588235293,3.284155986274228
0.0005681435588235293,3.295104975449817
0.0005681535588235294,3.309703627683917
0.0005681635588235293,3.287805649332757
0.0005681735588235294,3.295104975449857
0.0005681835588235293,3.306053964625437
0.0005681935588235294,3.295104975449824
0.0005682035588235293,3.298754638508353
0.0005682135588235294,3.309703627684023
0.0005682235588235293,3.31335329074255
0.0005682335588235294,3.298754638508367
0.0005682435588235293,3.309703627683956
0.0005682535588235293,3.298754638508377
0.0005682635588235294,3.30605396462544
0.0005682735588235293,3.29875463850838
0.0005682835588235294,3.298754638508393
0.0005682935588235293,3.306053964625447
0.0005683035588235294,3.309703627683976
0.0005683135588235293,3.287805649332797
0.0005683235588235294,3.302404301566924
0.0005683335588235293,3.309703627683976
0.0005683435588235294,3.317002953801116
0.0005683535588235294,3.284155986274287
0.0005683635588235293,3.306053964625447
0.0005683735588235294,3.287805649332757
0.0005683835588235293,3.298754638508347
0.0005683935588235294,3.306053964625457
0.0005684035588235293,3.30240430156693
0.0005684135588235294,3.295104975449817
0.0005684235588235293,3.295104975449817
0.0005684335588235294,3.273206997098542
0.0005684435588235294,3.298754638508407
0.0005684535588235293,3.306053964625467
0.0005684635588235294,3.295104975449817
0.0005684735588235293,3.295104975449817
0.0005684835588235294,3.298754638508393
0.0005684935588235293,3.306053964625453
0.0005685035588235294,3.306053964625447
0.0005685135588235293,3.298754638508393
0.0005685235588235294,3.295104975449817
0.0005685335588235293,3.295104975449817
0.0005685435588235294,3.298754638508367
0.0005685535588235294,3.280506323215798
0.0005685635588235293,3.313353290742566
0.0005685735588235294,3.302404301566867
0.0005685835588235293,3.291455312391288
0.0005685935588235294,3.309703627683963
0.0005686035588235293,3.295104975449857
0.0005686135588235294,3.298754638508387
0.0005686235588235293,3.309703627683976
0.0005686335588235294,3.284155986274181
0.0005686435588235293,3.291455312391234
0.0005686535588235294,3.295104975449817
0.0005686635588235294,3.306053964625447
0.0005686735588235293,3.30240430156692
0.0005686835588235294,3.30970362768399
0.0005686935588235293,3.30240430156693
0.0005687035588235294,3.306053964625467
0.0005687135588235293,3.306053964625467
0.0005687235588235294,3.302404301565476
0.0005687335588235293,2.510427417864496
0.0005687435588235294,0.02865653804671157
0.0005687535588235293,-1.131936314564729
0.0005687635588235294,-0.5260922468517989
0.0005687735588235294,0.4739154311916963
0.0005687835588235293,0.6308509427083375
0.0005687935588235294,0.1527450820370123
0.0005688035588235293,-0.2450681913427425
0.0005688135588235294,-0.1611259409960844
0.0005688235588235293,0.1089491253348797
0.0005688335588235294,0.1892417126237913
0.0005688435588235293,0.09800013616054482
0.0005688535588235294,-0.004190429479180863
0.0005688635588235293,-0.004190429479180863
0.0005688735588235293,0.03230620110631691
0.0005688835588235294,0.04690485334069857
0.0005688935588235293,0.08705114698449053
0.0005689035588235294,0.06515316863309228
0.0005689135588235293,0.0177075488722041
0.0005689235588235294,0.01405788581362113
0.0005689335588235293,0.04325519028186001
0.0005689435588235294,0.06515316863323835
0.0005689535588235293,0.05055451639913217
0.0005689635588235294,0.03230620110631691
0.0005689735588235293,0.0140578858136676
0.0005689835588235293,0.02865653804776713
0.0005689935588235294,0.03960552722344301
0.0005690035588235293,0.04690485334050273
0.0005690135588235294,0.02500687498917752
0.0005690235588235293,0.01405788581359789
0.0005690335588235294,0.0286565380477804
0.0005690435588235293,0.03595586416484012
0.0005690535588235294,0.03960552722340318
0.0005690635588235293,0.0323062011063501
0.0005690735588235294,0.02865653804776713
0.0005690835588235294,0.03960552722329696
0.0005690935588235293,0.01770754887213771
0.0005691035588235294,0.02135721193069413
0.0005691135588235293,0.02865653804775385
0.0005691235588235294,0.01770754887213108
0.0005691335588235293,0.02135721193065429
0.0005691435588235294,0.01040822275507799
0.0005691535588235293,0.04325519028184674
0.0005691635588235294,0.02500687498922731
0.0005691735588235293,0.03595586416480693
0.0005691835588235293,0.03960552722341645
0.0005691935588235294,0.02865653804776713
0.0005692035588235293,0.02865653804776713
0.0005692135588235294,0.02865653804776713
0.0005692235588235293,0.02865653804776713
0.0005692335588235294,0.0104082227550282
0.0005692435588235293,0.01405788581355474
0.0005692535588235294,0.02135721193064102
0.0005692635588235293,0.006758559696521577
0.0005692735588235294,0.006758559696468467
0.0005692835588235294,0.006758559696647712
0.0005692935588235293,0.03960552722341645
0.0005693035588235294,0.02500687498910117
0.0005693135588235293,-0.0005407664205846173
0.0005693235588235294,0.02500687498915096
0.0005693335588235293,0.006758559696501659
0.0005693435588235294,0.02865653804774057
0.0005693535588235293,0.01405788581362113
0.0005693635588235294,0.006758559696481745
0.0005693735588235293,0.01405788581353483
0.0005693835588235294,0.0177075488721178
0.0005693935588235294,0.02865653804772729
0.0005694035588235293,0.02135721193067421
0.0005694135588235294,0.0140578858135813
0.0005694235588235293,0.01770754887211116
0.0005694335588235294,0.006758559696468467
0.0005694435588235293,0.006758559696468467
0.0005694535588235294,0.01405788581355474
0.0005694635588235293,0.006758559696495022
0.0005694735588235294,0.0140578858135647
0.0005694835588235293,0.01040822275503816
0.0005694935588235294,0.02865653804776713
0.0005695035588235294,0.0359558641647671
0.0005695135588235293,0.0177075488721344
0.0005695235588235294,0.01405788581354146
0.0005695335588235293,0.006758559696481745
0.0005695435588235294,0.01405788581360785
0.0005695535588235293,0.02865653804771402
0.0005695635588235294,0.01040822275505144
0.0005695735588235293,0.02865653804770074
0.0005695835588235294,-0.007840092537727321
0.0005695935588235293,-0.004190429479200779
0.0005696035588235293,-0.01148975559628042
0.0005696135588235294,-0.0005407664206144899
0.0005696235588235293,0.003108896637912051
0.0005696335588235294,0.01770754887207797
0.0005696435588235293,0.006758559696488383
0.0005696535588235294,0.01040822275500829
0.0005696635588235293,0.006758559696481745
0.0005696735588235294,0.006758559696475106
0.0005696835588235293,0.01040822275500165
0.0005696935588235294,0.01040822275501824
0.0005697035588235293,0.0140578858135481
0.0005697135588235293,0.006758559696468467
0.0005697235588235294,-0.018789081713214
0.0005697335588235293,0.01770754887205141
0.0005697435588235294,0.01770754887218419
0.0005697535588235293,0.03595586416481689
0.0005697635588235294,0.003108896637885496
0.0005697735588235293,-0.0151394186547638
0.0005697835588235294,0.00310889663791869
0.0005697935588235293,0.00310889663791869
0.0005698035588235294,0.00310889663791869
0.0005698135588235293,0.006758559696448551
0.0005698235588235293,-0.01513941865481028
0.0005698335588235294,0.006758559696468467
0.0005698435588235293,0.006758559696468467
0.0005698535588235294,-0.004190429479141031
0.0005698635588235293,0.006758559696438594
0.0005698735588235294,0.01040822275500497
0.0005698835588235293,0.003108896637945245
0.0005698935588235294,0.006758559696478425
0.0005699035588235293,0.01770754887205805
0.0005699135588235294,0.01040822275501824
0.0005699235588235294,-0.004190429479101199
0.0005699335588235293,0.01040822275500497
0.0005699435588235294,-0.0005407664206178093
0.0005699535588235293,0.003108896637912051
0.0005699635588235294,0.003108896637928648
0.0005699735588235293,0.006758559696455189
0.0005699835588235294,0.003108896637898774
0.0005699935588235293,-0.007840092537690807
0.0005700035588235294,0.01405788581357134
0.0005700135588235294,0.01770754887209788
0.0005700235588235293,0.01405788581356802
0.0005700335588235294,0.00675855969645187
0.0005700435588235293,0.003108896637925329
0.0005700535588235294,-0.007840092537717362
0.0005700635588235293,-0.004190429479187502
0.0005700735588235294,0.006758559696448551
0.0005700835588235293,-0.0005407664206045319
0.0005700935588235294,0.01040822275497841
0.0005701035588235293,-0.01148975559618084
0.0005701135588235294,-0.0005407664206310866
0.0005701235588235294,0.01770754887197839
0.0005701335588235293,-0.007840092537730639
0.0005701435588235294,0.01040822275500165
0.0005701535588235293,0.006758559696475106
0.0005701635588235294,0.01040822275497841
0.0005701735588235293,-0.0005407664206012134
0.0005701835588235294,-0.007840092537677529
0.0005701935588235293,0.02135721193056135
0.0005702035588235294,0.006758559696468467
0.0005702135588235293,0.006758559696468467
0.0005702235588235294,0.01040822275501824
0.0005702335588235294,-0.0005407664205514223
0.0005702435588235293,0.01405788581355474
0.0005702535588235294,0.003108896637931968
0.0005702635588235293,0.006758559696461828
0.0005702735588235294,0.006758559696441912
0.0005702835588235293,-0.0005407664206111707
0.0005702935588235294,-0.004190429479160947
0.0005703035588235293,0.006758559696428635
0.0005703135588235294,0.003108896637922009
0.0005703235588235293,0.006758559696448551
0.0005703335588235294,0.006758559696468467
0.0005703435588235294,0.006758559696448551
0.0005703535588235293,0.003108896637922009
0.0005703635588235294,-0.0005407664206045318
0.0005703735588235293,0.006758559696455189
0.0005703835588235294,0.01040822275496845
0.0005703935588235293,-0.00784009253766425
0.0005704035588235294,0.01040822275503152
0.0005704135588235293,0.01770754887209124
0.0005704235588235294,0.01040822275502156
0.0005704335588235293,0.0140578858135481
0.0005704435588235293,0.006758559696468467
0.0005704535588235294,0.01405788581346844
0.0005704635588235293,-0.007840092537690807
0.0005704735588235294,0.01040822275501824
0.0005704835588235293,0.01040822275501824
0.0005704935588235294,0.0213572119306377
0.0005705035588235293,0.01040822275505808
0.0005705135588235294,0.006758559696481745
0.0005705235588235293,0.01405788581353483
0.0005705335588235294,0.01405788581356802
0.0005705435588235293,0.01040822275503816
0.0005705535588235293,0.01040822275501824
0.0005705635588235294,0.01040822275500497
0.0005705735588235293,0.006758559696475106
0.0005705835588235294,0.0140578858135813
0.0005705935588235293,0.01770754887210784
0.0005706035588235294,0.02500687498916424
0.0005706135588235293,-0.004190429479074644
0.0005706235588235294,-0.004190429479141031
0.0005706335588235293,0.01770754887201822
0.0005706435588235294,0.0177075488721178
0.0005706535588235294,0.01770754887215763
0.0005706635588235293,0.02500687498921071
0.0005706735588235294,0.01405788581351491
0.0005706835588235293,-0.0005407664206045319
0.0005706935588235294,-0.004190429479087921
0.0005707035588235293,0.02135721193059787
0.0005707135588235294,0.006758559696468467
0.0005707235588235293,0.006758559696468467
0.0005707335588235294,0.01770754887211116
0.0005707435588235293,0.01040822275505808
0.0005707535588235293,-0.007840092537730639
0.0005707635588235294,0.02500687498905802
0.0005707735588235293,-0.004190429479127754
0.0005707835588235294,0.01405788581356802
0.0005707935588235293,0.01405788581356802
0.0005708035588235294,0.01405788581356802
0.0005708135588235293,0.01405788581356802
0.0005708235588235294,-0.004190429479167586
0.0005708335588235293,0.003108896637892135
0.0005708435588235294,0.0177075488721178
0.0005708535588235294,0.01405788581352819
0.0005708635588235293,0.006758559696468467
0.0005708735588235294,0.003108896638001674
0.0005708835588235293,0.02135721193063438
0.0005708935588235294,0.01770754887210452
0.0005709035588235293,0.01405788581357466
0.0005709135588235294,-0.00419042947914767
0.0005709235588235293,0.01405788581350163
0.0005709335588235294,0.01405788581358794
0.0005709435588235293,0.02500687498916756
0.0005709535588235294,0.0177075488721178
0.0005709635588235294,-0.0005407664205912545
0.0005709735588235293,0.006758559696468467
0.0005709835588235294,0.01040822275500497
0.0005709935588235293,0.006758559696475106
0.0005710035588235294,0.006758559696508299
0.0005710135588235293,0.01770754887208793
0.0005710235588235294,0.02865653804771402
0.0005710335588235293,-0.0005407664205248665
0.0005710435588235294,0.01770754887211116
0.0005710535588235293,0.01040822275505808
0.0005710635588235294,0.02500687498921735
0.0005710735588235294,0.01040822275489875
0.0005710835588235293,-0.0114897555962605
0.0005710935588235294,0.01040822275493858
0.0005711035588235293,-0.01148975559624059
0.0005711135588235294,0.01405788581358794
0.0005711235588235293,0.02135721193064102
0.0005711335588235294,0.003108896637925329
0.0005711435588235293,0.006758559696455189
0.0005711535588235294,0.006758559696485064
0.0005711635588235293,0.02500687498911777
0.0005711735588235293,0.0177075488721178
0.0005711835588235294,0.0031088966378689
0.0005711935588235293,-0.007840092537710723
0.0005712035588235294,0.01040822275503152
0.0005712135588235293,0.01405788581356138
0.0005712235588235294,0.01040822275503816
0.0005712335588235293,0.01770754887209124
0.0005712435588235294,0.006758559696495022
0.0005712535588235293,0.02135721193060119
0.0005712635588235294,0.01040822275501824
0.0005712735588235293,0.01040822275501824
0.0005712835588235293,0.01040822275501824
0.0005712935588235294,-0.007840092537664253
0.0005713035588235293,0.006758559696441912
0.0005713135588235294,0.01770754887203813
0.0005713235588235293,-0.004190429479121117
0.0005713335588235294,0.03595586416482685
0.0005713435588235293,0.01405788581364768
0.0005713535588235294,0.006758559696475106
0.0005713635588235293,0.01040822275500165
0.0005713735588235294,0.006758559696468467
0.0005713835588235293,0.01040822275499833
0.0005713935588235293,0.01770754887211116
0.0005714035588235294,0.02135721193060118
0.0005714135588235293,0.003108896637951882
0.0005714235588235294,-0.0005407664205381448
0.0005714335588235293,0.02500687498914764
0.0005714435588235294,0.01770754887210452
0.0005714535588235293,0.0104082227550448
0.0005714635588235294,0.02135721193064766
0.0005714735588235293,-0.0005407664205115889
0.0005714835588235294,0.006758559696468467
0.0005714935588235294,0.02500687498917752
0.0005715035588235293,0.01770754887212444
0.0005715135588235294,0.01770754887209124
0.0005715235588235293,0.01040822275503152
0.0005715335588235294,0.01040822275499833
0.0005715435588235293,0.003108896637945245
0.0005715535588235294,0.00675855969650166
0.0005715635588235293,0.02500687498915096
0.0005715735588235294,0.02865653804774389
0.0005715835588235294,0.003108896637998355
0.0005715935588235293,0.0177075488721178
0.0005716035588235294,-0.0005407664204983126
0.0005716135588235293,0.02865653804771402
0.0005716235588235294,0.003108896637945245
0.0005716335588235293,0.01040822275500497
0.0005716435588235294,0.003108896637908732
0.0005716535588235293,-0.0005407664206178091
0.0005716635588235294,0.003108896637938606
0.0005716735588235293,0.01405788581351823
0.0005716835588235294,0.01405788581356802
0.0005716935588235294,0.003108896637958522
0.0005717035588235293,0.01040822275501824
0.0005717135588235294,0.02135721193056799
0.0005717235588235293,-0.0005407664205912543
0.0005717335588235294,0.01040822275501824
0.0005717435588235293,0.01040822275501824
0.0005717535588235294,0.01405788581357466
0.0005717635588235293,0.01770754887210452
0.0005717735588235294,0.006758559696468467
0.0005717835588235293,0.006758559696468467
0.0005717935588235294,0.006758559696468467
0.0005718035588235294,0.01770754887205805
0.0005718135588235293,0.006758559696478424
0.0005718235588235294,0.02500687498920407
0.0005718335588235293,0.02135721193067421
0.0005718435588235294,0.02135721193062774
0.0005718535588235293,0.01040822275504812
0.0005718635588235294,0.01040822275502488
0.0005718735588235293,0.01405788581355474
0.0005718835588235294,0.02135721193064434
0.0005718935588235293,-0.004190429479041451
0.0005719035588235294,0.0177075488721178
0.0005719135588235294,0.01040822275505808
0.0005719235588235293,0.01770754887211116
0.0005719335588235294,-0.004190429479154308
0.0005719435588235293,0.003108896637905412
0.0005719535588235294,0.01040822275501824
0.0005719635588235293,0.01040822275501824
0.0005719735588235294,0.003108896637898774
0.0005719835588235293,-0.007840092537690807
0.0005719935588235294,0.01770754887212112
0.0005720035588235293,0.02135721193064766
0.0005720135588235293,-0.0005407664206310866
0.0005720235588235294,0.01040822275506803
0.0005720335588235293,0.02135721193064766
0.0005720435588235294,0.01770754887206469
0.0005720535588235293,0.003108896637945245
0.0005720635588235294,0.02500687498921735
0.0005720735588235293,0.02500687498921735
0.0005720835588235294,0.01040822275503816
0.0005720935588235293,0.02135721193061778
0.0005721035588235294,0.00310889663791869
0.0005721135588235293,0.01405788581350827
0.0005721235588235293,0.0177075488721178
0.0005721335588235294,0.006758559696508299
0.0005721435588235293,0.01770754887209788
0.0005721535588235294,0.003108896637931968
0.0005721635588235293,0.006758559696458509
0.0005721735588235294,0.006758559696488383
0.0005721835588235293,0.01770754887207797
0.0005721935588235294,0.03595586416482685
0.0005722035588235293,0.0140578858136676
0.0005722135588235294,0.01405788581356802
0.0005722235588235294,0.006758559696508299
0.0005722335588235293,0.01405788581356138
0.0005722435588235294,0.0104082227550448
0.0005722535588235293,0.01770754887210452
0.0005722635588235294,0.02865653804775385
0.0005722735588235293,0.02500687498922731
0.0005722835588235294,0.0177075488721178
0.0005722935588235293,0.0177075488721178
0.0005723035588235294,0.01040822275503152
0.0005723135588235293,0.02500687498913769
0.0005723235588235294,0.01405788581356802
0.0005723335588235294,0.003108896637978438
0.0005723435588235293,0.01405788581355806
0.0005723535588235294,0.01405788581359457
0.0005723635588235293,0.02135721193065429
0.0005723735588235294,0.02135721193066757
0.0005723835588235293,0.02135721193066757
0.0005723935588235294,0.02500687498920407
0.0005724035588235293,0.01770754887214435
0.0005724135588235294,0.01405788581356802
0.0005724235588235294,0.01405788581358794
0.0005724335588235293,0.0177075488721178
0.0005724435588235294,0.01770754887208461
0.0005724535588235293,0.01040822275503152
0.0005724635588235294,0.01405788581356802
0.0005724735588235293,0.01405788581356802
0.0005724835588235294,0.01040822275501161
0.0005724935588235293,0.006758559696481745
0.0005725035588235294,0.01040822275503816
0.0005725135588235293,0.02135721193061778
0.0005725235588235294,0.00310889663791869
0.0005725335588235294,-0.0005407664205713383
0.0005725435588235293,0.01040822275501824
0.0005725535588235294,0.01040822275501824
0.0005725635588235293,0.01040822275501824
0.0005725735588235294,0.01770754887217091
0.0005725835588235293,0.03230620110627708
0.0005725935588235294,0.0177075488721178
0.0005726035588235293,0.0177075488721178
0.0005726135588235294,-0.004190429479167586
0.0005726235588235293,0.003108896637878858
0.0005726335588235294,0.00310889663791869
0.0005726435588235294,0.02135721193068749
0.0005726535588235293,0.02500687498921403
0.0005726635588235294,0.01040822275501824
0.0005726735588235293,0.01040822275501824
0.0005726835588235294,0.0177075488721178
0.0005726935588235293,0.0177075488721178
0.0005727035588235294,-0.01148975559623394
0.0005727135588235293,0.01405788581347508
0.0005727235588235294,-0.004190429479167586
0.0005727335588235293,0.01040822275493858
0.0005727435588235293,0.006758559696468467
0.0005727535588235294,0.02135721193066757
0.0005727635588235293,0.02135721193066757
0.0005727735588235294,0.003108896637971799
0.0005727835588235293,0.01770754887209124
0.0005727935588235294,0.00310889663791869
0.0005728035588235293,0.00310889663791869
0.0005728135588235294,0.00310889663791869
0.0005728235588235293,0.00310889663791869
0.0005728335588235294,-0.004190429479180863
0.0005728435588235293,-0.0005407664206510026
0.0005728535588235293,0.00310889663791869
0.0005728635588235294,0.01405788581356802
0.0005728735588235293,0.01405788581356802
0.0005728835588235294,0.006758559696508299
0.0005728935588235293,0.01770754887208793
0.0005729035588235294,0.02135721193062774
0.0005729135588235293,-0.0005407664205514216
0.0005729235588235294,0.01405788581358794
0.0005729335588235293,0.02500687498916756
0.0005729435588235294,0.01405788581356802
0.0005729535588235293,0.01040822275503816
0.0005729635588235293,0.01040822275501824
0.0005729735588235294,0.0140578858135813
0.0005729835588235293,0.01770754887211116
0.0005729935588235294,0.0104082227550448
0.0005730035588235293,0.01770754887209788
0.0005730135588235294,0.01770754887213771
0.0005730235588235293,0.02865653804772729
0.0005730335588235294,0.0140578858135647
0.0005730435588235293,0.01040822275503816
0.0005730535588235294,0.0177075488721178
0.0005730635588235294,0.003108896637958522
0.0005730735588235293,0.01040822275501161
0.0005730835588235294,0.006758559696521576
0.0005730935588235293,0.02135721193064102
0.0005731035588235294,0.03230620110628703
0.0005731135588235293,0.0213572119307074
0.0005731235588235294,0.03230620110630363
0.0005731335588235293,0.0250068749892439
0.0005731435588235294,0.01770754887211448
0.0005731535588235294,0.01405788581364768
0.0005731635588235293,0.02865653804776713
0.0005731735588235294,0.006758559696601241
0.0005731835588235293,0.03595586416481357
0.0005731935588235294,0.01770754887207797
0.0005732035588235293,0.006758559696488383
0.0005732135588235294,0.0140578858135481
0.0005732235588235293,0.006758559696495022
0.0005732335588235294,0.01405788581358794
0.0005732435588235293,0.02500687498916756
0.0005732535588235294,0.02135721193066757
0.0005732635588235294,0.02135721193056799
0.0005732735588235293,0.00310889663791869
0.0005732835588235294,0.01040822275498505
0.0005732935588235293,0.003108896637931968
0.0005733035588235294,0.02135721193062774
0.0005733135588235293,0.01040822275504812
0.0005733235588235294,0.02500687498919743
0.0005733335588235293,0.01405788581360785
0.0005733435588235294,0.01040822275502488
0.0005733535588235293,0.01405788581355142
0.0005733635588235294,0.01040822275501824
0.0005733735588235294,-0.007840092537551394
0.0005733835588235293,0.02500687498918748
0.0005733935588235294,0.0104082227550448
0.0005734035588235293,0.01770754887210452
0.0005734135588235294,0.01405788581355474
0.0005734235588235293,0.0104082227550282
0.0005734335588235294,0.02865653804774721
0.0005734435588235293,0.01770754887215763
0.0005734535588235294,0.0140578858135647
0.0005734635588235293,0.01040822275503816
0.0005734735588235294,0.0177075488721178
0.0005734835588235294,0.02500687498919743
0.0005734935588235293,0.02135721193067089
0.0005735035588235294,0.02865653804776713
0.0005735135588235293,0.02865653804776713
0.0005735235588235294,0.02865653804774721
0.0005735335588235293,0.02135721193069413
0.0005735435588235294,0.003108896637931968
0.0005735535588235293,0.01040822275499169
0.0005735635588235294,0.02135721193066425
0.0005735735588235293,0.01770754887213771
0.0005735835588235293,0.006758559696468467
0.0005735935588235294,0.02865653804770074
0.0005736035588235293,0.01405788581359457
0.0005736135588235294,0.003108896637971799
0.0005736235588235293,0.01770754887209124
0.0005736335588235294,0.01770754887207797
0.0005736435588235293,0.0031088966379718
0.0005736535588235294,0.003108896637931968
0.0005736635588235293,0.01040822275498505
0.0005736735588235294,0.01405788581356802
0.0005736835588235293,0.01405788581356802
0.0005736935588235293,0.01040822275501824
0.0005737035588235294,0.0177075488721178
0.0005737135588235293,0.0177075488721178
0.0005737235588235294,0.02135721193068085
0.0005737335588235293,0.02500687498920739
0.0005737435588235294,-0.004190429479154308
0.0005737535588235293,0.01040822275496513
0.0005737635588235294,0.03960552722337662
0.0005737735588235293,0.01770754887221738
0.0005737835588235294,0.0177075488721178
0.0005737935588235293,0.02500687498917752
0.0005738035588235293,0.01040822275503152
0.0005738135588235294,0.006758559696441912
0.0005738235588235293,-0.0005407664206178095
0.0005738335588235294,0.003108896637971799
0.0005738435588235293,0.01770754887207797
0.0005738535588235294,0.003108896637951883
0.0005738635588235293,0.02135721193060118
0.0005738735588235294,0.02500687498922067
0.0005738835588235293,0.02865653804774721
0.0005738935588235294,0.006758559696468467
0.0005739035588235294,-0.004190429479121115
0.0005739135588235293,0.006758559696458511
0.0005739235588235294,0.01040822275507135
0.0005739335588235293,0.02500687498919079
0.0005739435588235294,0.02865653804769742
0.0005739535588235293,0.003108896638011633
0.0005739635588235294,0.02135721193064766
0.0005739735588235293,0.01040822275505808
0.0005739835588235294,0.02135721193065761
0.0005739935588235294,0.01040822275497841
0.0005740035588235293,0.00310889663791869
0.0005740135588235294,0.02865653804763435
0.0005740235588235293,-0.0005407664205779768
0.0005740335588235294,-0.007840092537637698
0.0005740435588235293,0.01770754887207133
0.0005740535588235294,0.01405788581356138
0.0005740635588235293,0.01040822275503152
0.0005740735588235294,0.01405788581356802
0.0005740835588235293,0.01405788581356802
0.0005740935588235294,0.01405788581356802
0.0005741035588235294,0.01770754887205805
0.0005741135588235293,0.006758559696468467
0.0005741235588235294,0.03595586416482685
0.0005741335588235293,0.02500687498923727
0.0005741435588235294,0.01405788581352819
0.0005741535588235293,0.003108896637948564
0.0005741635588235294,0.01770754887214435
0.0005741735588235293,0.0323062011062638
0.0005741835588235294,0.03595586416484012
0.0005741935588235293,0.02135721193073396
0.0005742035588235294,-0.004190429479180863
0.0005742135588235294,0.01040822275507799
0.0005742235588235293,0.02135721193065761
0.0005742335588235294,0.02135721193062774
0.0005742435588235293,0.01040822275503816
0.0005742535588235294,0.02500687498921735
0.0005742635588235293,0.02500687498921735
0.0005742735588235294,0.01770754887209788
0.0005742835588235293,0.0067585596965083
0.0005742935588235294,0.01040822275502156
0.0005743035588235293,0.0140578858135481
0.0005743135588235293,0.02135721193066757
0.0005743235588235294,0.0177075488721012
0.0005743335588235293,0.01405788581357466
0.0005743435588235294,0.02865653804768746
0.0005743535588235293,0.0067585596965083
0.0005743635588235294,0.02500687498919743
0.0005743735588235293,0.01770754887214435
0.0005743835588235294,0.01040822275501161
0.0005743935588235293,0.006758559696481745
0.0005744035588235294,0.01040822275501824
0.0005744135588235293,0.006758559696488383
0.0005744235588235293,0.0177075488721178
0.0005744335588235294,0.01405788581358462
0.0005744435588235293,0.01770754887211116
0.0005744535588235294,0.01770754887213108
0.0005744635588235293,0.02135721193066093
0.0005744735588235294,0.01770754887209124
0.0005744835588235293,0.0031088966379718
0.0005744935588235294,0.01770754887211116
0.0005745035588235293,0.01405788581358462
0.0005745135588235294,0.0177075488721178
0.0005745235588235293,0.01405788581358794
0.0005745335588235293,0.01040822275502156
0.0005745435588235294,-0.0005407664205646996
0.0005745535588235293,0.01770754887208461
0.0005745635588235294,0.006758559696495022
0.0005745735588235293,0.0140578858135481
0.0005745835588235294,0.01405788581355474
0.0005745935588235293,0.006758559696495022
0.0005746035588235294,0.02500687498920407
0.0005746135588235293,0.01040822275509791
0.0005746235588235294,0.03230620110631691
0.0005746335588235294,0.03230620110619741
0.0005746435588235293,0.01040822275503816
0.0005746535588235294,0.006758559696468467
0.0005746635588235293,0.006758559696468467
0.0005746735588235294,0.01405788581359789
0.0005746835588235293,0.02500687498917752
0.0005746935588235294,0.01405788581355474
0.0005747035588235293,0.006758559696495022
0.0005747135588235294,0.0177075488721178
0.0005747235588235294,0.01770754887201822
0.0005747335588235293,-0.0005407664206310866
0.0005747435588235294,0.02135721193061778
0.0005747535588235293,0.01040822275503816
0.0005747635588235294,0.01405788581355474
0.0005747735588235293,0.01040822275502488
0.0005747835588235294,0.03230620110628703
0.0005747935588235293,0.0213572119307074
0.0005748035588235294,0.003108896637965161
0.0005748135588235293,0.02865653804765095
0.0005748235588235294,0.01405788581356802
0.0005748335588235294,0.02865653804776713
0.0005748435588235293,0.02865653804776713
0.0005748535588235294,0.01040822275505144
0.0005748635588235293,0.01770754887210452
0.0005748735588235294,0.03595586416477374
0.0005748835588235293,0.01040822275508795
0.0005748935588235294,0.01405788581355474
0.0005749035588235293,0.006758559696495022
0.0005749135588235294,0.01040822275505808
0.0005749235588235293,0.03230620110621733
0.0005749335588235294,0.02500687498921735
0.0005749435588235294,0.01040822275515766
0.0005749535588235293,0.03595586416484345
